
lenabdir(:,:,1) =

  Columns 1 through 23

  226  224  222  225  234  226  187  173  179  179  183  193  199  204  204  206  210  211  210  209  207  205  204
  224  224  224  227  233  223  185  171  178  178  183  193  199  203  205  207  209  209  209  208  207  205  205
  224  225  226  230  232  223  186  172  178  178  184  194  199  203  205  208  209  209  209  208  205  204  204
  226  228  231  232  231  223  186  172  179  179  185  195  200  203  205  208  209  209  209  208  203  201  201
  228  232  231  229  231  224  185  171  179  180  187  197  202  205  206  209  209  209  207  206  203  203  204
  230  232  219  223  233  226  184  168  175  179  186  196  202  205  207  208  207  204  201  201  201  207  212
  236  222  198  222  236  226  181  163  171  175  183  192  198  202  204  206  202  195  191  191  195  202  209
  232  198  181  221  238  225  179  161  170  174  180  189  196  200  202  197  189  188  190  193  195  200  209
  209  176  177  222  237  223  178  160  169  174  180  189  196  201  198  190  188  190  191  196  196  200  210
  177  165  177  220  235  222  178  159  169  174  181  189  195  199  193  189  189  191  195  200  202  201  206
  161  162  175  218  234  222  179  159  168  174  180  188  195  196  188  189  190  196  201  202  199  197  209
  160  162  174  216  232  222  179  157  167  173  180  186  200  194  185  189  194  199  200  195  195  209  217
  164  167  177  215  232  222  177  158  169  175  181  188  209  189  183  190  195  197  194  198  211  215  216
  170  175  184  217  234  225  179  160  171  178  183  189  210  186  183  189  194  196  200  210  212  214  216
  172  175  185  219  237  228  181  162  170  177  180  188  217  194  185  189  194  200  207  209  211  215  215
  171  173  185  219  237  228  182  161  169  177  178  186  226  211  192  189  199  206  205  208  210  211  214
  170  173  187  221  236  229  184  162  171  175  175  186  231  222  201  192  199  201  204  205  208  206  201
  173  176  190  223  236  229  183  162  171  173  174  185  237  227  207  193  194  198  199  202  201  188  164
  177  178  192  224  236  229  182  162  170  173  175  180  231  224  203  192  196  196  197  197  182  158  131
  178  178  190  223  237  230  183  161  168  171  177  174  214  231  204  197  197  195  190  172  142  117  105
  181  180  186  221  237  231  183  159  168  171  177  179  192  229  204  194  196  190  167  135  114  106  103
  180  178  183  218  237  231  184  159  169  173  178  185  188  221  198  192  191  166  128  106  108  108  109
  176  175  180  216  236  231  185  161  172  176  183  192  189  205  191  190  162  123  105   96  100  109  116
  172  173  177  214  235  230  183  160  172  177  183  193  191  187  190  173  128  103   99   98  100  105  126
  173  173  175  213  238  232  184  160  171  175  182  197  199  162  161  140  115  102   97   96  101  115  167
  173  170  171  212  240  232  184  162  173  173  181  207  202  154  124  122  116  100   96  100   97  140  207
  171  166  165  210  239  232  186  166  177  166  175  200  162  122  107  115  118   93   95   94  113  177  220
  172  164  160  207  238  235  190  172  179  172  165  142  120  119  104  121  128   94   89   97  151  207  203
  160  153  152  205  238  236  193  171  183  178  141  109  120  110   98  120  127  105   91  121  187  194  187
  143  139  143  201  237  235  191  170  176  156  127  113  122   98   92  106  125  133  102  154  186  151  188
  138  133  135  195  235  234  189  170  170  143  124  117  126  101   94  117  142  135  125  174  141  131  187
  142  135  138  199  235  235  192  167  163  137  120  116  127  111  100  114  124  115  164  157  104  136  190
  141  137  150  207  233  235  192  163  160  130  113  114  131  129  118  112  132  152  166  119  101  142  193
  133  132  152  209  233  235  191  166  160  127  105  109  121  134  132  142  179  166  129  104  109  142  192
  118  124  152  211  236  237  194  168  153  115  103  119  123  126  147  192  188  140  105  105  113  132  178
  108  116  153  211  237  237  192  163  145  111  107  132  131  131  161  197  166  111   98  105  111  121  155
  102  111  157  210  235  235  186  152  127  105  102  130  137  138  153  171  122   98  100  102  105  110  131
   97  103  154  210  233  232  184  143  115  103   98  123  125  141  152  135   98   98  101   99  100  107  119
  107  100  137  200  230  230  192  141  105  104  101  123  127  134  144  140  117  102  102   98   99  105  114
  152  132  129  186  228  230  192  128   94  109  114  111  128  128  135  144  132  110  101   98   98  103  114
  154  164  142  180  230  231  197  118   93  106  110  103  112  113  133  150  140  124  101  100  101  109  131
  111  167  154  178  233  234  189  110   94   96  108   96  103  113  124  146  139  133  105  103  101  113  148
   91  160  155  175  233  235  183  108   92   97  113   94   93  102  120  142  142  137  109  106  102  125  168
   87  153  158  174  233  234  181  105   91  100  106   93   89   95  111  141  137  128  117  110  109  150  184
   85  146  163  176  233  236  187  110   94   96   98   94   92   97  108  128  127  112  103  103  119  172  183
   84  141  171  178  232  236  187  115   90   92   96   95   91   98  116  113  117  107   93   97  136  182  173
  109  149  180  179  229  234  181  112   89   92   95   97   89   92  118  134  114   92   90  110  158  173  172
  134  161  185  184  229  233  174  108   91   92   95  102   97   97  107  130  108   86   96  130  159  168  193
  111  149  187  188  227  230  161   99   94   97  100  108  113  104  109  125  105   91  114  151  178  198  209
   95  137  203  198  227  227  150   96   98  105  106  110  120  111  105  112  113  111  148  186  203  210  213

  Columns 24 through 46

  206  205  204  203  202  202  198  189  186  211  226  223  224  224  226  224  227  245  210  178  185  188  192
  206  207  206  204  203  202  199  192  183  200  224  228  227  224  224  223  221  238  231  185  182  188  192
  205  208  207  204  204  203  201  195  185  193  220  231  230  226  224  224  220  225  244  211  182  188  192
  201  204  207  206  205  204  202  197  188  192  215  227  228  227  225  224  221  218  236  238  196  187  190
  199  195  200  205  205  202  201  196  188  191  212  222  225  224  223  223  220  217  219  243  221  182  164
  210  211  208  200  200  202  202  197  185  190  210  219  222  222  220  220  218  217  212  231  242  185  118
  211  216  221  218  202  188  192  193  182  189  214  219  217  219  219  219  219  217  218  220  226  153   95
  216  220  223  223  220  201  180  180  180  189  218  223  210  206  219  222  222  220  221  212  164  105   95
  218  217  223  227  227  230  206  165  169  188  219  227  205  172  201  221  222  220  218  182  115   98   97
  214  221  228  228  226  230  229  188  159  179  218  228  204  144  170  216  225  225  202  131   99  100   97
  221  224  224  225  225  227  225  223  187  167  213  229  205  132  126  188  218  214  156  101   98   99   98
  220  221  223  223  223  223  222  228  219  176  207  231  205  125  113  185  229  206  119   98   99   99  101
  219  222  221  223  223  222  221  223  224  204  209  232  200  145  177  218  230  216  120   96   97   98  120
  219  218  218  219  221  218  216  219  219  222  222  222  211  208  223  225  227  215  119   94   97  107  156
  217  219  217  215  215  218  220  217  214  213  221  225  226  224  225  225  229  201  107   93   98  137  192
  217  219  216  214  215  219  218  212  210  213  221  225  223  222  226  216  215  167   94   93  112  172  208
  199  201  206  207  207  205  208  212  218  223  223  221  223  225  222  199  195  128   91  101  146  198  213
  161  170  163  157  147  166  207  222  225  222  222  224  225  214  188  180  169  101   92  115  176  208  214
  127  133  124  110  123  179  216  224  222  222  217  206  189  179  187  175  120   93  100  139  196  214  215
  113  117  117  133  183  212  214  214  219  218  176  158  185  209  187  124   99   98  109  165  208  217  215
  101  111  134  176  213  216  212  214  222  220  166  151  183  176  120  100  101   99  125  180  212  215  212
   99  130  166  200  210  210  214  225  233  236  190  135  162  132   99  104  101  103  147  191  211  211  209
  132  187  202  209  211  214  224  236  239  243  211  129  146  130  101  103   99  117  173  202  205  203  203
  182  215  216  206  214  226  233  239  239  244  226  140  134  135  105  102   99  137  191  210  209  207  202
  213  213  206  187  184  206  231  236  235  222  193  133  125  139  108  101  106  159  200  209  207  208  205
  221  180  149  147  156  186  220  235  211  159  138  119  122  143  110   99  118  177  206  207  205  206  205
  206  168  150  168  194  197  217  232  185  157  148  111  120  149  115  101  136  193  208  205  203  204  203
  206  212  203  205  215  214  214  232  210  190  164  123  120  154  115  107  156  200  206  202  201  199  196
  218  230  231  228  227  222  215  231  229  213  190  135  117  155  114  115  174  205  205  201  198  192  187
  219  230  235  235  229  223  216  228  230  218  194  130  114  155  119  129  190  207  204  199  195  189  190
  219  227  230  231  225  218  215  224  231  215  178  116  114  155  127  147  199  207  203  198  194  189  205
  217  225  226  228  223  210  207  216  227  205  150  106  113  151  142  167  204  206  202  197  193  193  222
  217  223  225  228  226  216  211  222  223  185  119  109  117  142  164  189  204  201  199  196  193  201  230
  217  222  225  225  226  224  228  232  213  156  102  116  122  135  180  201  202  198  197  195  192  204  236
  209  220  225  214  210  213  217  211  189  127   99  119  124  131  186  204  201  197  196  194  189  206  240
  190  209  223  221  214  217  222  209  156  105  101  122  129  133  191  206  201  199  196  192  185  208  244
  162  193  212  219  222  226  223  188  116   95  105  127  131  138  192  204  199  196  193  187  179  210  245
  135  165  195  212  222  230  223  168  103   94  103  129  135  145  189  193  194  192  190  182  175  216  246
  137  177  199  210  216  218  221  204  154  115  100  126  138  149  183  177  177  176  176  171  173  223  245
  140  189  208  214  214  214  226  233  225  200  144  122  130  148  189  190  183  171  161  160  171  226  245
  144  191  211  217  218  222  229  231  232  238  222  157  119  144  193  196  191  182  175  175  194  240  241
  153  196  215  219  221  225  226  227  229  238  242  214  131  141  193  195  189  181  178  189  222  248  223
  164  202  219  219  220  223  225  225  227  235  238  237  167  149  195  194  188  178  178  216  243  245  200
  171  207  222  221  220  222  225  223  226  231  233  239  202  167  196  193  187  179  187  232  246  232  187
  178  213  224  223  222  224  225  223  224  230  234  239  227  188  186  187  185  184  195  220  243  220  177
  190  219  225  224  221  223  224  222  222  228  234  238  238  192  153  158  160  170  198  212  236  194  158
  209  222  223  223  221  222  222  220  222  227  234  237  239  204  154  147  127  123  194  230  211  151  141
  219  223  221  223  223  222  221  219  222  224  230  233  235  218  163  156  139  132  200  212  157  132  143
  218  221  220  223  224  223  220  219  221  222  226  229  234  229  167  150  156  165  187  173  144  139  138
  216  218  219  222  224  225  223  221  222  221  222  226  231  234  184  148  164  182  188  181  156  138  134

  Columns 47 through 50

  196  197  194  188
  198  197  175  130
  196  177  126   98
  170  124  101   98
  121  101  100   96
   99  101   98   94
   99   98   95   95
   97   96  100  114
   95  101  124  168
   96  117  166  200
  106  152  193  209
  136  188  205  210
  179  207  212  211
  202  213  213  211
  211  214  212  211
  214  213  213  213
  214  212  212  212
  212  211  210  210
  211  209  209  208
  211  209  207  205
  210  208  207  204
  209  208  208  205
  204  205  205  204
  197  196  197  199
  199  197  194  190
  202  200  193  185
  198  193  187  191
  191  197  210  220
  197  223  231  229
  218  234  235  234
  232  237  239  237
  237  239  239  236
  239  240  238  237
  240  240  239  239
  243  242  241  239
  244  244  241  237
  243  242  241  237
  242  240  222  189
  242  213  154  128
  217  157  136  145
  177  144  157  156
  165  163  165  159
  167  173  162  156
  173  167  158  150
  164  156  153  145
  154  152  148  135
  150  145  145  125
  141  143  142  120
  137  151  134  114
  151  146  115  119


lenabdir(:,:,2) =

  Columns 1 through 23

  133  132  130  133  142  129   82   68   74   74   79   90   97  100   99   99  102  103  102  101  102  101  101
  132  132  132  136  141  125   79   65   72   72   77   88   95   99   98   98  100  101  100  100  100   99   99
  132  133  134  139  138  122   78   63   70   70   77   87   94   97   96   97   99   99   99   99   97   96   96
  134  136  139  140  135  120   76   62   70   69   76   86   92   94   94   95   96   97   96   96   93   93   94
  137  137  134  133  134  120   75   62   70   70   75   84   89   92   92   94   94   95   96   99  102  108  116
  140  135  118  125  135  121   74   59   68   69   75   83   88   91   92   94   96   98  103  111  123  139  153
  144  121   92  119  137  122   71   56   65   68   74   81   86   90   92   94   96   98  103  111  121  136  155
  135   94   72  117  138  121   69   54   65   67   73   80   85   89   92   88   86   92   99  107  113  126  148
  108   70   68  116  139  121   70   56   65   68   72   80   84   88   87   82   85   90   96  105  113  122  143
   73   59   69  115  139  121   70   57   66   67   73   80   86   87   81   81   85   90   99  108  113  119  138
   58   57   70  116  138  121   71   56   65   67   72   80   90   87   77   81   87   95  105  109  109  117  146
   58   59   71  115  137  121   70   54   63   67   72   79   99   90   75   81   89   98  103  103  113  141  164
   61   61   71  115  139  123   69   54   64   66   71   81  114   89   74   82   90   96   99  109  136  155  164
   65   65   75  116  142  127   71   57   67   66   71   85  121   87   73   81   89   94  105  121  136  151  159
   67   66   76  118  145  129   74   58   66   65   68   90  130   95   74   79   88   99  112  120  131  145  151
   66   64   75  118  145  130   75   57   66   64   66   92  141  110   79   78   93  104  110  118  125  135  144
   63   62   76  118  145  132   76   56   63   64   64   94  150  125   89   85   98  102  109  112  119  123  125
   66   65   79  120  146  133   75   54   63   65   64   92  160  136   99   89   98  104  104  106  109  103   88
   69   67   81  122  146  133   74   54   63   65   63   84  155  141  103   89   98  100  101  101   93   78   59
   72   68   79  121  147  134   75   53   63   65   64   74  138  155  112   94   93   94   95   83   65   46   36
   74   68   75  119  146  134   75   51   62   64   67   73  107  158  118   90   90   91   78   56   44   40   38
   73   67   72  116  147  135   76   52   63   65   68   76   93  146  109   87   88   74   48   35   41   44   44
   72   67   71  116  149  137   79   56   67   68   73   81   90  120   96   87   68   42   34   28   33   44   48
   70   66   71  114  149  138   80   56   67   69   73   82   90   97   95   79   47   34   36   29   32   39   58
   70   67   71  114  149  139   81   56   67   68   73   87   99   77   81   60   44   38   35   30   33   45   97
   68   65   67  113  150  139   81   56   64   65   79  109  110   73   54   54   51   38   33   33   30   73  143
   66   61   61  111  151  141   82   57   67   63   86  123   85   49   44   57   61   33   30   26   45  116  158
   68   59   55  107  152  145   86   62   76   81   89   79   57   56   44   66   74   35   24   27   82  143  128
   59   50   48  105  151  145   86   62   83   92   71   50   66   54   38   62   70   45   24   51  123  118   86
   50   43   43  103  150  142   84   62   83   78   63   57   71   42   27   39   57   64   32   88  123   65   74
   49   40   38  101  148  140   84   68   82   71   66   65   77   44   25   42   68   62   57  112   77   42   71
   50   41   40  103  147  141   88   67   74   62   61   66   78   54   32   42   55   47  100   94   36   45   72
   46   42   53  113  147  143   88   61   70   56   55   60   77   72   49   44   68   85   98   50   30   53   76
   39   38   57  116  147  143   88   65   73   56   47   53   65   78   65   75  114   96   55   28   31   52   75
   30   34   58  118  150  145   93   72   71   44   43   64   69   73   82  121  119   68   30   26   31   44   65
   25   30   60  117  151  145   93   71   67   42   46   79   79   80   98  126   97   42   27   29   33   39   54
   20   29   64  114  149  145   89   65   57   41   43   79   89   88   95  107   58   31   28   28   31   33   39
   20   28   63  113  148  143   90   61   49   41   38   70   78   93  101   80   39   31   30   27   26   29   32
   40   31   48  105  146  144  104   66   42   40   39   69   79   86   96   92   62   37   32   28   25   28   32
   94   71   45   91  144  145  107   58   31   44   51   55   74   75   86   99   80   47   33   29   28   31   35
  101  115   70   89  145  147  115   48   28   40   47   42   52   55   81  103   89   63   33   30   29   33   47
   56  123   91   90  146  150  107   39   28   30   45   34   42   55   72  100   92   76   36   30   28   33   56
   30  115   95   89  148  151  102   37   26   33   51   33   32   44   68   96   98   82   42   33   28   39   67
   21  106  100   89  146  149   99   33   25   35   44   32   28   37   60   95   91   73   52   42   31   55   78
   21   97  106   91  145  149  101   35   28   33   36   32   30   42   60   79   76   54   36   33   35   68   77
   20   91  116   95  143  149  101   39   25   30   34   33   28   43   68   62   61   44   24   25   48   75   64
   39  100  129   98  142  150   97   38   25   30   33   35   27   35   65   81   55   26   19   32   65   64   62
   61  112  138  106  143  151   93   36   27   29   33   40   36   37   49   76   51   22   21   41   57   58   82
   44   97  141  115  144  151   84   31   30   33   37   47   53   46   51   68   44   22   29   49   65   82   93
   33   84  157  128  144  150   76   30   33   40   43   48   61   53   47   53   48   33   53   75   85   91   94

  Columns 24 through 46

  102  101  100   99   98   98   96   88   85  112  128  126  127  128  127  129  152  194  147   93   92   93   92
  101  101  100   98   97   97   96   89   82  101  126  131  131  131  129  128  138  179  173  107   89   91   92
   97  100   99   96   96   95   95   91   82   92  121  134  134  134  131  128  127  151  187  146   94   91   92
   94   96   97   95   95   95   95   91   83   89  116  130  131  131  130  129  126  129  172  186  119   90   92
  114  108   99   93   94   95   94   89   82   87  111  124  128  128  128  126  121  116  143  191  161   98   75
  158  154  138  111   95   92   89   85   80   86  107  118  124  125  122  120  115  112  120  164  193  120   41
  167  174  178  163  124   93   84   80   76   84  108  117  117  117  116  115  113  112  113  133  170   95   24
  168  176  182  185  180  146   97   75   72   81  110  120  108  101  111  113  112  113  114  117   90   36   22
  166  173  183  193  200  198  152   81   65   77  110  121   98   68   96  113  113  114  114   88   35   23   23
  161  179  190  195  197  200  195  134   72   74  111  122   98   45   68  106  110  111  101   47   24   23   23
  172  182  187  192  196  198  203  194  127   77  110  122  100   41   36   92  119  113   68   27   26   23   24
  172  178  184  190  194  196  200  203  182  104  108  121  101   44   43  122  173  146   49   24   27   26   29
  169  173  176  184  189  192  194  198  199  156  122  121  102   77  130  185  203  180   64   25   23   25   47
  161  163  169  176  183  182  182  189  192  184  153  134  141  161  189  199  202  178   64   25   22   32   80
  153  157  160  165  170  172  174  177  177  174  171  171  184  193  195  192  194  157   47   23   24   59  114
  146  147  148  152  158  162  163  161  164  172  182  187  192  194  190  169  165  114   31   22   39   94  129
  126  129  136  139  140  140  148  160  172  181  186  189  192  194  174  137  135   71   26   27   68  118  134
   93  104   96   91   81  103  150  173  181  184  189  191  184  162  123  111  108   41   24   39   97  130  137
   62   70   61   49   65  125  167  178  180  183  182  165  132  104  110  105   56   27   28   63  118  138  140
   46   53   56   76  130  164  170  172  176  169  127  106  116  130  112   53   28   24   35   89  131  143  142
   33   43   73  123  164  167  164  166  174  161   95   79  111  102   46   26   26   24   50  105  137  145  144
   29   62  108  151  161  156  158  171  182  178  111   54   90   60   25   29   27   28   73  119  139  143  144
   59  118  145  157  153  146  157  177  187  190  135   46   71   58   29   31   25   40   99  132  136  136  137
  110  147  156  142  135  142  156  175  186  191  151   53   57   63   34   31   27   60  116  141  142  141  136
  148  150  129   99   90  111  142  166  173  154  111   47   50   71   39   30   33   82  126  139  139  140  138
  159  104   58   61   66   80  117  158  141   82   55   34   47   75   40   26   44  101  132  137  135  135  134
  130   71   53   90  112   84  106  152  112   76   61   25   44   80   43   26   61  117  134  134  133  132  130
  105  106  101  118  129  102  105  156  135   99   67   32   45   83   41   31   81  125  132  131  131  130  126
  102  125  136  140  136  110  105  156  156  112   79   41   45   83   38   38   99  130  133  130  129  126  122
   99  122  142  148  134  108   99  149  160  117   83   41   41   83   43   53  115  134  132  129  126  123  128
   96  114  131  137  124  100   94  139  158  117   76   34   37   80   52   73  126  134  131  128  125  122  145
   93  108  120  128  118   95   88  125  146  109   58   31   33   73   67   94  132  133  130  127  124  127  165
   92  104  113  121  120  106  110  140  136   95   40   34   35   63   85  112  133  131  128  126  122  134  177
   91  100  105  109  114  116  138  152  125   70   29   38   38   56  100  123  133  130  127  125  121  140  186
   87   97  101   90   89   96  111  114   93   42   27   39   39   54  109  128  134  131  128  125  121  147  193
   77   90  100   98   91   97  110  109   68   27   28   39   43   57  116  133  136  135  130  126  119  153  201
   54   77   94  103  111  119  120   97   44   28   31   44   47   59  117  135  136  135  131  124  117  159  206
   35   56   82  102  120  133  130   89   41   34   33   50   52   63  113  122  127  129  128  122  117  168  207
   45   72   88  102  116  126  139  137  103   62   38   53   54   67  106  103  104  106  108  108  114  175  202
   49   82   94  104  111  121  147  172  178  152   91   55   48   67  113  113  106   98   89   88  102  172  197
   52   82   96  104  110  123  144  164  179  189  175  101   43   65  119  124  120  113  102  100  122  184  186
   54   84   98  104  109  122  137  154  170  186  198  167   62   65  120  125  121  117  111  120  161  196  161
   58   87  100  103  107  117  131  148  164  182  197  196  108   76  123  125  120  115  113  154  195  194  126
   64   91  101  102  105  112  126  141  159  177  194  202  150   98  123  123  120  114  117  171  201  173   98
   72   97  104  104  104  108  120  135  153  172  190  201  179  120  112  118  122  118  118  152  189  146   80
   81  102  107  106  104  106  116  129  145  164  184  198  194  127   76   81   91  103  123  146  177  112   62
   94  103  106  107  106  105  112  123  137  155  176  193  199  147   77   63   50   54  122  165  144   67   50
   98  103  107  110  109  106  109  118  131  146  166  186  200  172   93   74   62   58  123  140   78   46   57
   97  102  106  110  113  111  111  116  126  139  158  177  195  186  107   77   82   83   96   83   57   58   59
   97  101  104  109  112  114  116  118  125  137  152  171  188  191  128   78   88   92   87   81   66   61   58

  Columns 47 through 50

   93   96   95   97
   94   96   82   49
   95   81   44   25
   78   41   25   24
   40   24   26   22
   22   25   25   22
   24   24   22   23
   23   25   28   43
   25   31   50   92
   27   46   91  124
   35   79  119  137
   63  113  134  140
  104  130  137  137
  125  135  136  135
  134  137  135  134
  137  136  135  135
  136  134  134  134
  135  134  133  133
  137  135  134  133
  139  136  135  132
  142  140  137  133
  143  141  139  135
  137  138  136  133
  130  129  128  129
  134  132  126  120
  132  131  126  118
  127  123  123  130
  123  133  153  167
  135  166  181  183
  162  183  189  192
  180  191  197  198
  190  197  201  201
  197  201  202  203
  201  203  204  204
  204  204  205  205
  206  206  205  203
  209  206  203  198
  205  197  169  130
  193  151   79   46
  157   79   46   53
  105   58   64   65
   81   69   71   71
   73   74   69   71
   71   70   69   68
   63   65   70   66
   59   66   69   58
   61   64   70   49
   58   67   69   45
   59   79   62   37
   76   76   44   40


lenabdir(:,:,3) =

  Columns 1 through 23

  115  112  107  109  117  109   85   82   89   86   87   93   95   97   96   97   99  100   99   98   98   97   96
  112  110  107  110  116  105   82   80   86   83   84   91   94   96   96   96   98   98   97   97   97   96   95
  110  108  108  110  112  103   81   79   83   79   81   88   92   94   95   96   96   96   96   96   94   93   93
  110  110  111  110  109  101   80   78   82   78   80   86   90   92   93   94   95   95   95   94   91   91   91
  110  112  107  103  106  100   80   77   82   80   81   87   90   92   92   94   95   96   98  100  103  108  113
  105  108   96   98  105  101   80   75   81   81   83   87   89   91   93   95   99  103  107  114  123  136  146
  106  102   83   98  107  101   77   71   79   81   83   86   88   89   92   94   99  103  108  115  121  134  148
  109   90   77  100  108  100   75   70   79   82   83   86   87   88   91   88   88   95  102  110  113  123  141
   95   74   77  102  110  101   76   71   80   82   83   86   88   88   87   85   89   93   98  106  111  118  136
   77   72   79  101  111  103   78   73   81   81   83   87   89   88   83   86   90   94  101  109  113  116  130
   74   75   79  101  112  104   80   74   80   81   83   86   91   88   82   86   91   98  107  110  109  114  137
   72   72   74  100  112  105   81   73   79   81   81   84   97   91   82   86   93  102  105  104  110  134  152
   71   72   73   97  111  103   76   70   77   78   79   84  107   89   84   88   95  100  101  109  131  145  151
   75   78   77   98  112  104   77   70   78   78   78   84  108   84   82   88   93   98  106  121  131  142  148
   77   79   78   99  114  107   79   72   78   77   76   87  111   84   80   85   93  103  114  119  127  138  142
   76   77   78   99  114  108   80   71   76   76   74   87  115   94   82   84   98  109  111  118  124  131  138
   78   77   80  102  115  108   80   71   74   77   75   86  117   98   90   93  105  108  112  116  123  127  132
   82   78   81  104  116  108   78   71   75   78   76   86  127  105   97   97  104  107  106  113  123  121  113
   84   78   81  104  115  107   78   71   78   79   76   83  129  111   98   97  104  105  107  115  120  112   99
   85   78   78  101  115  109   79   71   80   79   76   76  119  125  102  102  106  108  111  107  102   91   82
   84   79   75   98  115  110   80   70   78   77   77   77   96  133  105  100  109  113  107   93   88   87   85
   83   78   74   97  116  111   81   72   79   77   77   81   90  130   99   98  110  102   85   81   87   92   92
   79   78   75  100  118  113   84   75   83   81   82   87   89  112   95  102   97   77   76   77   82   93   94
   76   77   76  102  120  113   84   75   83   81   82   87   87   93  103  102   87   79   80   77   81   87   91
   80   80   76  101  122  116   85   74   80   81   81   89   96   84  105   96   92   86   78   74   80   80  109
   81   79   74  101  123  115   83   72   76   76   84  106  107   88   93  107  105   85   75   76   70   94  142
   82   78   70  100  123  115   82   72   79   75   96  129  105   85   90  107  111   77   70   65   73  123  151
   85   78   67   99  123  117   84   75   87   99  115  109  102  108   97  118  122   77   63   64  100  141  122
   80   72   65   97  123  118   83   75   98  119  112   99  116  105   90  115  115   82   64   81  127  118   93
   75   70   67   98  121  115   84   82  110  116  111  110  122   91   73   80   89   95   69  104  128   78   89
   75   69   65   98  118  112   87   93  117  115  117  119  129   92   67   76   94   92   80  121   95   65   86
   75   67   65   99  119  117   92   91  107  107  113  120  130  102   75   79   88   76  111  110   66   68   83
   73   65   73  110  124  121   91   82  100  100  108  111  128  118   90   78  100  107  111   79   63   74   84
   68   61   75  114  125  121   91   87  103  101  101  104  117  124  102  100  132  111   75   64   67   74   86
   63   59   77  115  126  123   99   96  105   91   98  119  122  121  117  138  129   86   60   62   67   72   82
   62   58   79  113  126  124   99   98  104   90  100  135  135  129  132  138  107   71   66   64   67   69   73
   64   61   80  106  123  120   93   94   97   87   94  133  146  139  130  126   83   66   68   67   68   67   63
   64   60   76  102  121  118   94   91   89   86   88  122  133  145  143  114   77   71   66   64   63   65   63
   73   61   65   96  120  119  108   96   80   84   88  118  130  140  147  135  104   77   67   63   60   65   66
  112   93   64   89  122  122  112   87   69   88   98  104  125  131  140  141  118   84   69   67   64   65   65
  122  129   84   90  125  122  119   82   71   86   94   90  103  111  135  148  128   99   69   69   70   66   70
   86  137  102   90  124  121  109   73   72   76   91   80   91  109  126  146  132  111   73   69   70   63   74
   66  133  107   88  123  121  102   69   68   76   94   75   78   95  119  141  135  117   78   72   67   63   79
   63  128  113   87  124  123  102   69   68   77   85   74   73   87  109  139  129  108   87   78   64   71   85
   65  122  119   90  122  122  107   73   71   74   77   74   76   91  110  126  116   90   71   68   61   79   84
   59  112  126   92  119  121  105   76   67   71   75   74   73   92  118  110  102   81   60   55   66   87   78
   72  114  135   93  117  120  101   75   68   71   74   76   70   82  115  128   95   66   55   58   80   75   74
   90  122  139   99  118  122   97   73   70   71   74   82   78   84  100  122   89   61   56   66   75   63   83
   73  113  141  104  117  125   94   71   73   76   82   93   99   93  100  115   85   54   53   67   76   83   89
   62  103  156  115  118  126   88   71   78   84   90   97  109  101   95  101   91   63   66   79   84   86   87

  Columns 24 through 46

   98   98   97   96   95   96   95   92   91  109  114  108  109  105  104  108  124  152  118   88   96   96   95
   97   98   97   95   94   95   96   93   88  101  115  113  112  108  105  106  114  141  140   94   89   95   94
   94   97   97   94   94   94   97   96   89   95  114  117  114  110  106  107  107  121  150  119   88   94   94
   91   95   97   95   94   94   96   96   91   96  112  115  113  109  106  107  107  106  133  146  104   91   95
  110  104   99   97   98   94   94   95   91   93  107  111  113  110  105  105  104   99  110  150  133   90   87
  149  144  131  110   99   95   94   93   89   91  104  108  112  111  104  100  100   97   95  129  157  109   69
  157  161  164  153  122   97   93   93   87   89  106  107  106  109  103   98   98   97   95  111  146   96   63
  156  164  169  171  168  142  103   89   85   88  108  110   99   97  104   99   97   97  100  109   92   62   64
  153  161  172  181  187  189  152   93   84   90  108  111   99   79  100  100   98  100  105   97   64   65   66
  149  166  179  184  187  190  189  136   87   87  107  111  104   68   87  101   99  103  100   66   64   71   68
  159  169  175  182  185  187  190  186  131   84  104  111  106   68   65   95  111  112   80   57   67   68   67
  158  165  173  179  183  184  186  192  177  105  100  111  106   69   71  127  163  147   74   65   65   62   65
  155  161  166  174  180  182  183  188  189  148  108  106  101   92  140  179  190  180   92   67   64   62   77
  151  152  158  166  173  175  175  180  183  177  141  117  129  158  182  185  189  179   93   65   64   70  105
  144  147  149  155  161  165  169  170  169  169  162  157  168  179  180  177  185  164   80   63   63   90  127
  141  141  140  144  151  158  159  156  156  160  168  175  179  183  180  161  161  126   66   61   72  113  128
  135  134  137  139  140  144  148  152  161  166  170  175  180  186  170  137  138   89   63   65   91  123  127
  122  133  124  117  104  115  148  162  170  171  175  180  178  161  122  112  121   67   61   72  110  127  129
  107  120  113   94   95  132  158  164  168  171  175  163  133  108  111  113   82   62   63   88  126  132  132
   94  105  106  110  139  158  156  157  165  162  129  116  123  128  118   77   63   62   67  107  133  135  132
   80   93  113  140  160  157  153  155  164  156  107  105  123  108   69   61   61   60   78  115  133  132  130
   72   97  131  158  157  147  149  162  171  166  121   87  112   79   57   67   61   61   95  121  130  129  128
   90  130  149  158  148  140  150  167  174  173  137   76  103   86   63   67   61   71  111  124  124  123  124
  120  144  155  144  134  139  151  164  172  176  150   80   92   96   68   68   64   88  120  125  127  129  125
  141  145  134  109   99  116  141  155  161  150  116   71   81  101   74   67   69  102  122  121  125  131  128
  150  111   78   80   84   94  122  154  141   95   72   64   80  102   74   64   78  114  124  121  123  125  124
  128   87   78  111  129   99  114  155  122   97   85   60   80  106   76   63   87  122  125  122  122  122  123
  111  116  116  130  134  111  113  155  141  115   86   64   79  113   77   64   94  121  124  123  122  123  122
  111  128  138  141  135  115  112  155  154  120   94   64   74  110   75   67  104  123  124  123  122  122  116
  106  124  139  143  132  112  108  149  155  122   99   64   71  108   76   75  114  125  123  122  121  121  114
  100  114  127  132  121  102  102  139  152  120   95   65   71  104   79   85  117  124  122  121  119  116  119
   93  107  117  123  114   95   94  126  142  111   81   66   69   97   88   96  116  121  121  120  118  112  125
   91  103  112  119  117  105  112  140  136  104   68   68   67   88   97  104  118  121  120  120  117  115  128
   92  101  107  110  113  114  135  151  129   88   62   70   66   80  106  110  119  120  119  120  117  118  136
   90   98  105   94   92   98  113  119  107   71   65   70   65   73  109  113  119  121  119  119  116  123  146
   81   91  103  101   95  105  118  121   91   64   68   69   67   72  112  117  121  124  121  119  112  128  156
   66   84  101  109  114  125  125  110   74   66   65   70   71   76  112  121  122  124  125  122  110  133  163
   58   71   93  109  123  134  130   98   69   71   66   77   78   83  112  116  121  123  127  121  109  140  163
   72   88   98  108  118  123  132  134  111   84   66   82   83   87  108  102  106  108  112  109  106  142  155
   72   93   99  105  109  115  134  154  161  150  104   80   78   85  111  112  111  104   98   92   95  137  149
   70   89   97  104  107  118  132  142  152  168  165  110   70   78  114  117  118  117  108   97  103  144  141
   69   91   99  103  108  117  127  135  145  161  178  163   81   74  115  116  117  118  110  106  128  152  125
   71   93   99  101  104  112  122  131  141  159  175  184  114   80  117  116  115  115  106  128  149  147  103
   78   97   99   99  100  108  118  126  138  156  171  185  147   98  118  114  114  114  106  135  149  130   89
   84  102  103  101   98  105  114  122  134  152  168  182  168  117  109  111  115  114  104  114  142  114   78
   86  102  106  103   98  101  109  117  128  145  164  179  181  124   80   88   99  105  105  104  135   95   70
   94  100  105  104  100   98  103  110  121  138  158  176  184  143   85   82   72   65  104  123  116   69   69
   97  100  104  105  102   98   98  104  114  130  150  170  184  163   97   88   79   71  109  110   74   65   81
   93   96  100  104  106  102  100  102  110  123  143  163  180  175  106   85   91   91   93   80   71   81   82
   89   92   96  102  106  105  104  104  109  121  137  158  176  181  127   85   94   93   85   85   82   82   81

  Columns 47 through 50

   95   93   90  100
   94   96   92   72
   98   92   66   57
   90   69   62   62
   66   64   71   66
   65   67   67   62
   72   66   67   65
   62   64   71   73
   62   68   82  105
   66   79  110  125
   69   99  122  128
   88  118  124  127
  119  128  126  126
  132  128  125  124
  130  126  124  124
  126  127  127  126
  126  127  127  126
  127  126  125  125
  128  126  125  124
  130  127  126  124
  130  129  128  125
  130  131  130  127
  127  129  128  126
  122  122  122  122
  125  128  126  121
  126  132  130  123
  124  122  119  123
  118  119  130  137
  116  131  138  138
  128  135  142  148
  133  140  154  159
  134  150  161  162
  141  157  164  167
  148  160  167  170
  156  161  166  169
  163  164  164  163
  164  162  156  155
  159  157  140  113
  153  133   82   62
  130   87   70   77
   95   76   83   81
   79   86   87   84
   73   86   85   88
   74   76   86   87
   75   76   85   86
   79   85   87   80
   85   87   91   75
   81   89   92   74
   82  100   85   63
   99   98   70   64

