
rectdir(:,:,1) =

  Columns 1 through 23

  176  176  175  175  176  177  178  178  173  169  169  169  169  169  169  169  169  169  169  169  169  169  169
  178  177  176  174  174  175  176  176  177  177  177  177  177  177  177  177  177  177  177  177  177  177  177
  180  179  169  156  153  152  153  154  157  159  159  159  159  159  159  159  159  159  159  159  160  160  160
  184  180  158  116   97   96   99  101  100   99   99   99   98   98   98   98   98   98   98   98  101  102  102
  185  182  156   98   74  107  131  138  137  135  135  135  134  133  133  133  133  133  133  133  133  134  134
  188  185  157  102  122  193  205  211  213  214  215  214  214  214  214  214  214  214  214  214  214  214  214
  193  189  160  109  150  203  210  214  219  222  222  222  221  221  221  221  221  221  221  221  221  221  221
  196  191  162  113  151  194  201  205  206  206  206  206  206  206  206  206  206  206  206  206  206  206  206
  195  194  165  115  144  181  189  193  192  189  189  189  188  188  188  188  188  189  189  189  189  189  189
  196  195  167  117  140  170  175  181  179  176  176  176  176  177  177  177  176  176  176  176  176  176  176
  199  198  169  118  131  158  164  170  169  167  167  167  167  168  168  167  167  167  167  167  167  167  167
  202  201  170  117  117  142  152  158  158  156  156  156  156  156  156  156  156  156  156  156  156  156  156
  206  204  171  117  109  121  138  146  147  147  147  147  146  146  146  146  147  147  147  147  147  147  147
  211  206  172  118  109  107  118  133  139  139  139  138  138  138  138  138  138  138  138  138  138  138  138
  213  210  174  120  115  106  107  118  128  131  132  133  133  132  132  132  132  132  132  132  132  132  132
  216  212  175  122  120  111  111  116  120  122  125  126  127  128  128  128  128  128  128  128  128  128  128
  220  215  176  126  128  120  120  124  125  125  125  125  125  126  126  126  126  126  126  126  126  126  126
  225  220  180  130  135  127  126  130  130  129  129  129  129  129  129  129  129  129  129  129  129  129  129
  226  221  181  133  141  132  130  134  134  134  134  134  134  134  134  134  134  134  134  133  133  133  133
  228  223  184  138  150  141  138  141  143  143  143  143  143  143  143  143  143  143  143  143  143  143  143
  229  226  189  147  165  156  154  157  158  157  157  157  158  158  158  158  158  158  158  158  159  159  159
  229  231  194  149  160  155  156  160  160  160  161  162  162  163  164  164  165  165  167  168  168  168  169
  231  233  212  174  165  160  164  170  171  171  173  174  175  175  177  178  179  180  182  183  183  184  186
  235  236  236  231  225  223  226  232  231  230  231  231  231  231  232  232  231  231  231  231  232  232  232
  237  238  238  239  237  237  237  239  240  239  239  239  239  239  239  239  239  239  239  239  239  239  239

  Columns 24 through 46

  169  169  169  169  169  169  169  169  169  171  172  172  172  173  173  173  172  167  168  170  169  166  164
  176  176  176  176  176  177  177  177  177  179  179  180  180  179  179  179  178  175  176  179  178  174  172
  160  161  162  162  162  162  163  163  163  164  165  166  167  168  168  168  167  166  168  171  170  165  165
  102  103  104  104  104  105  106  106  106  106  107  109  110  111  111  111  111  114  117  119  117  112  106
  134  134  134  134  134  134  134  134  134  133  133  133  133  133  133  135  137  140  146  147  140  116   71
  214  214  214  214  214  214  214  214  213  213  213  213  213  213  213  213  213  215  218  220  217  204  140
  221  221  221  221  221  221  221  221  221  220  220  220  219  219  219  219  219  220  223  225  221  215  169
  206  206  206  206  206  205  205  205  205  204  204  204  203  202  202  202  202  203  205  207  203  195  159
  189  189  189  189  189  189  189  189  188  188  188  188  187  187  187  187  186  185  187  190  186  178  147
  176  176  176  176  176  176  176  176  176  176  176  176  176  175  175  175  175  174  178  181  176  166  141
  167  167  167  167  167  167  167  167  166  165  165  165  165  165  166  166  165  163  167  170  165  156  131
  156  156  156  156  156  156  156  156  156  155  154  154  154  155  155  155  155  152  154  157  153  143  117
  147  146  146  146  146  147  147  147  147  146  146  146  146  146  146  146  145  143  145  147  141  124  103
  138  138  139  139  139  139  139  139  139  138  138  138  138  138  138  138  137  134  136  137  125  106  100
  132  132  133  133  133  133  134  134  133  132  132  132  132  132  133  133  132  127  126  122  111  102  107
  128  127  127  127  127  126  126  126  126  126  126  126  126  125  125  125  125  121  119  118  113  107  114
  126  126  126  126  125  125  124  124  124  124  124  124  124  124  124  124  124  124  124  123  119  117  126
  129  129  129  129  128  128  128  128  128  128  128  128  128  128  128  128  128  129  130  128  125  126  136
  133  133  133  133  133  133  133  133  133  133  133  133  133  133  133  133  132  132  134  133  131  134  143
  143  143  143  143  143  142  142  142  142  142  142  142  142  142  142  142  141  140  141  143  142  144  154
  159  158  159  158  158  158  158  159  158  157  157  157  157  157  157  157  156  155  157  159  160  160  166
  170  169  170  171  172  171  171  173  174  173  173  174  175  175  175  175  175  174  176  179  179  177  180
  187  187  188  189  191  191  192  193  195  195  196  198  199  200  200  200  200  199  201  204  204  200  199
  232  231  231  232  232  232  232  233  233  232  232  233  234  233  233  233  233  232  234  237  236  231  228
  239  239  239  239  238  239  239  239  239  239  239  239  238  239  239  239  239  238  239  241  240  238  237

  Columns 47 through 50

  171  175  175  173
  179  184  179  175
  170  180  181  178
  123  159  177  181
   89  150  177  183
  105  161  182  186
  119  167  187  189
  119  164  188  192
  119  168  191  194
  122  173  196  197
  124  176  198  200
  126  180  201  203
  129  181  203  205
  134  184  206  208
  138  186  210  211
  144  189  212  213
  155  195  215  216
  162  198  218  218
  164  196  219  221
  169  197  221  224
  176  199  223  226
  186  205  226  229
  204  219  231  232
  230  236  236  235
  237  239  238  237


rectdir(:,:,2) =

  Columns 1 through 23

  169  170  170  171  171  171  170  170  174  177  177  177  177  177  177  177  177  177  177  177  176  176  176
  172  172  174  174  175  176  175  174  174  174  174  174  174  174  174  174  174  174  174  174  173  173  173
  175  177  173  165  167  167  166  165  162  161  161  161  161  161  161  161  161  161  161  161  162  162  162
  180  181  168  136  123  125  127  127  128  128  128  128  128  128  128  128  128  128  128  128  130  131  131
  181  184  170  125  109  145  168  173  175  176  177  176  175  175  175  175  175  175  175  175  175  175  175
  183  186  172  131  160  231  241  242  238  238  238  237  237  237  237  237  237  237  237  237  237  237  237
  185  188  173  137  186  239  239  236  233  231  231  231  231  231  231  231  231  231  231  231  231  231  231
  187  190  174  138  186  228  226  222  223  225  225  225  225  225  225  225  225  225  225  225  225  225  225
  193  194  175  142  184  222  220  215  218  219  220  219  219  219  219  219  219  220  220  220  220  220  220
  199  198  176  145  185  219  214  210  211  212  212  212  212  213  213  213  213  213  213  213  213  213  213
  201  201  179  148  181  213  211  207  207  207  207  207  208  208  208  208  208  208  208  208  208  208  208
  204  203  181  151  173  205  209  206  206  205  205  205  205  205  205  205  206  206  206  206  206  206  206
  206  205  183  154  170  194  206  206  205  204  204  205  204  204  204  204  205  205  205  205  205  205  205
  209  207  185  158  177  188  197  205  207  206  206  206  205  205  205  205  205  206  206  206  206  206  206
  211  209  187  163  188  195  196  200  204  205  206  207  207  207  207  207  206  206  206  206  206  206  206
  213  212  190  166  196  204  205  203  202  202  204  206  207  208  208  208  207  207  207  207  207  207  207
  213  214  191  170  203  212  213  210  209  210  210  209  210  210  210  210  210  210  210  210  210  211  211
  216  217  194  174  210  221  222  219  218  219  219  219  219  219  219  219  219  219  219  219  219  219  219
  219  220  197  178  218  231  232  229  229  230  230  230  230  230  230  230  230  230  230  230  229  229  229
  222  223  199  181  225  237  240  237  237  237  237  237  237  237  237  237  237  237  237  237  238  238  238
  227  227  201  181  227  239  241  239  238  238  238  238  239  238  239  239  239  239  239  239  240  240  240
  229  230  199  170  203  213  215  213  213  213  214  215  215  216  217  218  218  219  220  221  221  221  223
  232  230  209  180  187  191  192  190  191  193  195  196  197  197  199  200  201  202  203  205  205  206  208
  237  233  229  228  230  233  231  228  228  229  230  230  230  230  231  231  231  230  230  231  231  231  231
  238  236  235  237  237  237  237  235  236  236  236  236  236  236  236  236  236  236  236  236  236  236  236

  Columns 24 through 46

  176  177  177  177  177  177  177  177  177  176  176  176  175  176  177  177  177  179  178  175  176  178  178
  173  173  173  173  173  174  174  174  174  173  173  173  174  173  173  173  174  176  176  173  174  177  177
  162  163  163  163  163  164  164  164  164  165  166  166  167  168  168  168  168  171  171  169  169  172  175
  131  133  134  134  134  135  136  136  136  136  136  138  139  139  140  140  140  142  142  140  140  142  140
  175  175  175  175  175  175  175  175  175  175  175  175  175  175  176  178  179  180  180  178  174  158  117
  237  237  237  237  237  237  237  237  237  237  238  238  238  237  237  238  238  239  237  236  237  233  175
  231  231  231  231  231  231  231  231  231  231  232  232  231  231  231  231  231  233  231  229  232  237  196
  225  225  225  225  225  224  224  224  224  225  226  226  226  224  224  224  225  225  224  222  224  229  198
  219  219  219  219  219  219  219  219  219  219  220  220  220  219  219  219  219  220  217  214  218  224  198
  212  212  212  212  212  212  212  212  212  212  213  213  212  212  212  212  212  214  212  208  212  218  196
  208  208  208  208  208  208  208  208  208  207  207  207  207  207  207  207  208  210  207  205  208  214  191
  206  206  206  206  206  206  206  206  206  205  204  204  204  205  205  205  205  207  205  202  206  209  182
  205  205  205  205  205  206  206  206  206  204  204  204  204  204  204  204  205  207  206  203  205  201  177
  206  206  206  206  206  207  207  207  207  206  205  205  205  205  205  205  206  208  208  204  200  192  180
  206  207  207  207  207  207  208  208  207  207  206  206  206  206  207  207  207  208  204  198  195  196  191
  207  207  207  207  206  206  206  206  205  205  205  205  205  205  205  205  205  206  202  199  202  204  199
  211  210  210  210  210  209  209  209  209  209  209  209  209  209  209  209  208  209  208  207  210  211  203
  219  219  219  219  219  218  218  218  218  218  218  218  218  218  218  218  218  217  217  218  220  219  210
  229  229  229  229  229  229  229  229  229  229  229  229  229  229  229  229  229  229  228  229  231  229  221
  238  238  238  238  238  237  237  237  236  236  236  236  236  236  236  236  236  237  236  236  237  236  230
  240  239  239  239  239  239  239  239  239  238  238  238  238  237  237  237  237  239  238  237  238  237  232
  223  223  223  224  225  225  225  226  227  227  226  227  228  229  229  229  229  231  230  228  229  229  226
  209  209  209  211  213  213  214  215  217  217  218  220  221  222  222  222  222  224  223  221  221  223  223
  232  231  231  231  232  231  231  232  233  232  232  233  233  233  233  233  233  235  234  231  231  234  235
  236  236  236  236  236  236  236  236  236  236  236  236  236  236  236  236  236  237  236  235  235  236  238

  Columns 47 through 50

  175  167  170  173
  174  168  172  175
  171  170  175  178
  149  172  181  181
  129  176  185  183
  133  177  187  186
  140  177  190  189
  150  182  194  192
  156  184  195  194
  160  186  197  197
  163  188  199  200
  168  192  201  203
  174  195  203  205
  183  198  207  208
  189  201  210  211
  195  204  212  213
  198  205  215  216
  203  208  218  218
  210  212  221  221
  216  215  224  224
  218  217  227  226
  215  217  228  229
  219  222  230  232
  234  233  234  235
  238  237  237  237


rectdir(:,:,3) =

  Columns 1 through 23

  177  177  176  176  177  178  180  180  173  168  168  168  168  168  168  168  168  168  168  168  168  168  168
  179  178  177  174  173  174  176  177  178  178  178  178  178  178  178  178  178  178  178  178  177  177  177
  181  180  168  154  151  150  151  152  158  161  161  161  161  161  161  161  161  161  161  161  162  162  162
  184  180  157  113   93   91   95   97   98   98   98   98   98   98   98   98   98   98   98   98  100  101  101
  186  181  154   95   69  102  126  133  133  132  132  131  130  130  130  130  130  130  130  130  130  130  130
  189  185  155   97  116  187  200  206  209  211  212  211  211  211  211  211  211  211  211  211  211  211  211
  194  189  158  105  144  198  205  211  216  218  218  218  217  217  217  217  217  217  217  217  217  217  217
  196  192  162  108  144  189  198  201  199  198  198  198  198  198  198  198  198  198  198  198  198  198  198
  191  197  168  107  130  173  184  182  180  180  180  180  179  179  179  179  179  179  179  179  179  179  179
  188  200  173  108  121  160  169  166  166  168  169  169  169  169  169  169  168  167  167  167  167  167  167
  191  202  176  108  112  147  157  154  155  158  158  158  159  159  159  159  156  155  155  155  155  155  155
  195  205  177  107   97  129  143  140  144  148  148  148  148  148  148  147  145  143  143  143  143  143  143
  200  207  177  106   87  108  127  126  130  135  135  135  135  135  135  135  133  132  132  132  132  132  132
  203  210  178  107   86   92  107  111  117  122  123  123  122  122  122  122  121  121  121  121  121  121  121
  207  214  179  108   92   89   93   93  102  109  110  111  111  111  111  111  112  113  113  113  113  113  113
  211  216  179  110   96   93   95   91   93   98  100  102  103  103  103  103  105  107  107  107  107  107  107
  219  217  176  115  108   99   98   98  100  101  101  101  102  102  102  102  103  103  104  104  104  104  104
  225  219  175  119  116  103  100  105  106  105  105  105  105  105  105  105  105  105  105  105  105  105  105
  227  221  176  122  123  109  105  108  108  107  107  107  107  107  107  107  107  107  107  107  107  107  107
  228  223  180  129  134  120  115  118  117  116  116  116  116  116  116  116  116  116  116  116  117  117  117
  228  224  185  139  151  139  135  137  137  135  135  135  135  135  135  135  136  136  136  136  136  137  137
  228  229  191  143  151  144  143  147  146  144  145  146  146  147  148  149  149  149  151  152  152  152  154
  229  231  210  171  161  155  159  165  165  165  166  167  168  169  170  171  172  173  175  176  176  177  179
  232  234  235  231  223  221  225  232  231  229  230  230  231  231  231  231  231  230  230  231  231  231  232
  235  237  238  239  237  236  237  240  240  240  240  240  240  240  240  240  240  239  239  239  240  240  240

  Columns 24 through 46

  168  169  169  169  169  168  168  168  168  168  168  168  168  169  169  169  169  171  177  181  180  176  174
  177  177  177  177  177  178  178  178  178  178  178  178  178  178  178  178  177  173  175  179  177  172  170
  162  163  164  164  164  165  165  165  165  166  166  167  168  169  169  169  167  161  162  165  163  157  158
  101  102  103  103  103  104  105  105  105  106  106  108  109  109  110  110  110  113  118  121  118  110  104
  130  130  130  130  130  130  130  130  130  129  129  130  130  129  130  132  135  140  148  151  142  116   71
  211  211  211  211  211  211  211  211  211  211  211  211  211  211  211  211  210  209  211  213  210  195  131
  217  217  217  217  217  217  218  218  218  217  217  217  217  216  216  217  216  211  212  213  210  202  156
  198  198  198  198  198  198  198  198  198  197  197  197  197  196  195  195  196  198  202  204  199  190  153
  179  181  181  182  182  182  182  182  182  179  178  178  178  177  177  177  177  178  183  188  183  173  142
  167  169  170  171  171  171  171  171  170  167  166  166  165  165  165  165  164  163  168  174  169  158  132
  155  157  158  158  158  158  158  158  158  156  155  155  155  155  156  156  155  151  155  161  156  146  122
  143  144  145  145  145  145  145  145  145  145  145  145  145  146  146  146  144  139  141  146  141  130  105
  132  131  131  131  131  132  132  132  132  133  134  134  134  134  134  134  133  127  129  132  126  109   90
  121  121  120  120  120  121  121  121  121  122  123  123  123  123  123  123  122  116  118  120  108   88   85
  113  112  112  112  112  112  113  113  113  112  111  111  111  112  112  112  111  106  105  103   92   83   90
  107  105  105  105  105  104  104  104  103  102  102  102  102  102  102  102  101   97   97   97   93   87   96
  104  103  103  103  103  102  102  102  102  101  101  101  101  101  101  101  101  100  101  102  100   98  108
  105  105  105  105  105  104  104  104  104  104  104  104  104  104  104  104  104  104  105  105  102  103  115
  107  107  107  107  107  106  106  106  106  106  106  106  106  106  106  106  106  107  107  104  100  103  119
  117  117  117  117  117  116  115  115  115  115  115  115  115  115  115  115  115  116  115  110  105  108  127
  137  136  136  136  136  136  136  136  136  135  134  134  134  134  134  134  134  135  135  130  125  126  142
  154  154  154  155  156  156  156  157  158  157  157  158  159  160  160  160  160  160  160  160  157  154  163
  180  180  181  182  184  184  185  187  188  189  189  191  192  193  194  194  193  192  194  198  198  193  193
  231  231  231  231  232  232  232  232  232  232  232  233  233  233  233  233  232  229  233  239  241  234  228
  239  239  239  239  239  239  239  239  239  239  239  239  239  239  239  239  239  238  240  243  243  240  237

  Columns 47 through 50

  181  186  180  173
  178  185  180  175
  164  176  180  178
  123  161  178  181
   91  154  179  183
   96  154  180  186
  106  157  184  189
  115  161  187  192
  116  168  192  194
  117  173  196  197
  118  174  198  200
  118  177  200  203
  120  177  202  205
  123  179  205  208
  126  180  208  211
  131  182  210  213
  139  183  211  216
  145  186  214  218
  150  191  218  221
  158  197  222  224
  168  202  225  226
  179  207  228  229
  200  218  231  232
  227  233  235  235
  237  237  237  237

