
rect_jpeg(:,:,1) =

  Columns 1 through 23

  174  176  176  174  172  174  176  175  176  176  177  177  179  179  180  177  170  167  167  167  167  167  167
  182  181  180  179  180  179  177  174  176  176  178  178  179  179  181  178  175  172  172  172  172  172  172
  175  173  171  173  174  173  171  169  174  174  175  175  176  176  176  178  178  179  179  179  179  179  179
  181  179  180  181  180  177  176  178  173  173  173  173  174  174  174  177  180  181  183  181  183  181  183
  181  182  183  182  171  161  160  166  166  166  166  166  167  167  167  168  173  174  175  174  175  174  175
  179  176  178  176  158  135  125  125  116  116  116  116  116  118  118  118  121  122  122  122  122  122  122
  190  184  185  184  166  135  106   97  106  104  104  104  104  106  106  104  103  101  101  101  101  101  101
  184  175  176  180  166  128   90   69   50   48   47   47   48   50   50   48   44   43   43   43   43   43   43
  185  188  182  180  168  117  107   55   47   60   70  111  142  136  142  146  142  139  139  139  139  139  139
  186  188  183  181  169  117  106   55   69  153  201  210  204  204  217  212  210  209  210  209  210  209  210
  188  191  185  183  170  117  107   57  108  193  229  214  203  212  225  208  218  218  220  218  220  218  220
  190  192  186  185  171  116  108   61  174  211  212  209  213  217  225  217  227  229  229  229  229  229  229
  194  193  188  188  174  116  109   67  166  194  200  209  212  203  211  218  218  221  221  221  221  221  221
  195  194  189  191  175  118  112   73  174  206  208  209  212  209  219  216  220  222  222  222  222  222  222
  198  197  190  192  176  118  113   76  177  199  190  189  197  201  208  197  202  201  201  201  201  201  201
  197  195  190  193  177  118  114   78  161  184  189  203  207  193  202  207  200  198  198  198  198  198  198
  195  195  199  192  178  123  111   91  159  176  182  181  188  192  192  194  190  188  188  188  188  188  188
  194  194  198  193  181  125  112   91  156  172  177  173  181  185  188  190  184  181  183  181  183  181  183
  195  195  199  194  180  123  112   93  152  169  175  169  175  179  181  184  178  175  176  175  176  175  176
  197  196  200  196  181  123  113   97  145  164  171  165  169  173  176  180  172  170  171  170  171  170  171
  200  197  201  199  183  123  112  101  135  156  164  159  163  168  170  175  168  165  167  165  167  165  167
  201  198  202  201  184  122  113  103  122  146  156  153  159  162  164  169  163  162  162  162  162  162  162
  203  199  203  203  184  122  113  105  107  133  148  147  153  155  157  163  157  156  156  156  156  156  156
  203  199  203  203  185  120  112  105   98  123  140  141  147  150  151  156  153  151  151  151  151  151  151
  208  206  205  204  188  118  110  115  103  108  119  132  142  145  145  142  148  148  147  147  147  147  147
  209  207  207  204  189  118  109  116  102  102  109  120  130  137  144  146  140  141  141  141  142  142  143
  212  207  208  206  190  117  109  118  106  102  101  106  116  127  137  142  138  138  138  138  138  138  138
  214  208  210  208  191  117  110  120  115  106  102  101  105  114  125  130  138  138  139  136  137  134  135
  215  209  211  211  191  115  110  124  119  110  103  101  102  108  115  119  131  131  133  132  133  132  134
  217  209  212  213  193  115  111  126  118  111  106  104  107  110  113  117  120  121  123  125  128  129  132
  218  210  213  214  194  115  111  129  120  113  109  109  110  113  115  116  117  117  121  120  124  124  127
  220  212  213  215  194  115  112  131  125  118  113  112  112  114  116  118  122  122  122  121  121  120  121
  221  221  216  213  195  116  113  138  130  123  120  119  120  123  127  127  126  124  126  124  126  124  126
  223  223  220  215  197  118  115  141  133  126  123  122  125  126  130  130  127  126  126  126  126  126  126
  225  225  222  218  199  119  117  145  136  129  124  123  126  129  131  131  130  129  129  129  129  129  129
  227  225  223  220  200  118  117  148  138  131  127  126  127  130  133  133  131  130  131  130  131  130  131
  226  224  221  220  200  117  117  152  142  135  130  128  130  131  134  135  134  132  134  132  134  132  134
  227  224  222  222  201  117  118  156  146  139  134  131  132  134  136  138  136  136  136  136  136  136  136
  229  226  224  225  204  118  121  161  152  145  139  136  136  138  140  142  142  142  142  142  142  142  142
  231  226  225  227  206  120  125  168  158  151  146  143  143  144  147  149  149  149  149  149  149  149  149
  229  222  227  223  221  118  129  180  168  161  155  151  153  154  155  157  158  157  157  157  157  157  156
  234  229  232  223  216  118  133  183  174  167  163  161  163  164  167  167  164  164  164  164  164  164  164
  226  227  237  232  223  134  147  187  183  177  173  173  175  178  182  182  179  179  180  181  181  182  182
  229  231  236  229  209  126  119  131  125  119  117  118  121  125  127  128  130  129  130  131  132  133  134
  231  232  232  233  220  163  152  147  138  136  134  135  139  142  145  148  147  148  149  150  151  152  152
  231  232  229  242  245  229  234  225  222  219  219  220  224  228  231  232  228  227  227  228  229  229  230
  239  240  232  238  237  236  246  232  231  230  228  230  233  238  241  242  237  236  236  237  237  237  237
  233  239  235  241  233  237  249  231  235  234  234  234  235  238  241  241  243  241  241  240  240  240  240
  238  238  239  239  239  239  239  238  238  238  238  238  238  239  241  241  239  239  239  239  239  239  239
  238  238  238  238  238  238  238  238  238  238  238  238  238  238  238  238  238  238  238  238  238  238  238

  Columns 24 through 46

  167  167  167  167  167  167  167  167  167  167  167  167  167  167  167  167  167  167  167  167  167  167  167
  172  172  172  172  172  172  172  172  172  172  172  172  172  172  172  172  172  170  170  170  170  170  170
  179  179  179  179  179  179  179  179  179  179  179  179  179  179  179  179  179  179  179  179  179  179  179
  181  183  181  183  181  183  181  183  181  183  181  183  181  183  181  183  181  183  181  183  181  183  181
  174  175  174  175  174  175  174  175  174  175  174  175  174  175  174  175  174  174  173  174  173  174  173
  122  122  122  122  122  122  122  122  122  122  122  122  122  122  122  122  122  126  126  126  126  126  126
  101  101  101  101  101  101  101  101  101  101  101  101  101  101  101  101  101  108  108  108  108  108  108
   43   43   43   43   43   43   43   43   43   43   43   43   43   43   43   43   43   43   43   43   43   43   43
  139  132  132  132  132  132  132  132  132  132  132  132  132  132  132  132  132  132  132  132  132  132  132
  209  213  212  213  212  213  212  213  212  213  212  213  212  213  212  213  212  213  212  213  212  213  212
  218  217  215  217  215  217  215  217  215  217  215  217  215  217  215  217  215  217  215  217  215  217  215
  229  230  230  230  230  230  230  230  230  230  230  230  230  230  230  230  230  230  230  230  230  230  230
  221  221  221  221  221  221  221  221  221  221  221  221  221  221  221  221  221  221  221  221  221  221  221
  222  217  217  217  217  217  217  217  217  217  217  217  217  217  217  217  217  217  217  217  217  217  217
  201  206  206  206  206  206  206  206  206  206  206  206  206  206  206  206  206  206  206  206  206  206  206
  198  195  195  195  195  195  195  195  195  195  195  195  195  195  195  195  195  195  195  195  195  195  195
  188  186  186  186  186  186  186  186  186  188  188  188  188  188  188  188  188  188  188  188  188  188  188
  181  183  181  183  181  183  181  183  181  183  181  183  181  183  181  183  181  183  181  183  181  183  181
  175  177  176  177  176  177  176  177  176  176  175  176  175  176  175  176  175  176  175  176  175  176  175
  170  172  171  172  171  172  171  172  171  171  170  171  170  171  170  171  170  171  170  171  170  171  170
  165  169  167  169  167  169  167  169  167  167  165  167  165  167  165  167  165  167  165  167  165  167  165
  162  162  162  162  162  162  162  162  162  162  162  162  162  162  162  162  162  162  162  162  162  162  162
  156  155  155  155  155  155  155  155  155  156  156  156  156  156  156  156  156  156  156  156  156  156  156
  151  150  150  150  150  150  150  150  150  151  151  151  151  151  151  151  151  151  151  151  151  151  151
  147  146  146  146  146  146  146  146  146  146  146  146  146  146  146  146  146  146  146  146  146  146  146
  143  143  143  143  143  143  143  143  143  143  143  143  143  143  143  143  143  143  143  143  143  143  143
  138  138  138  138  138  138  138  138  138  138  138  138  138  138  138  138  138  138  138  138  138  138  138
  133  134  132  134  132  134  132  134  132  134  132  134  132  134  132  134  132  134  132  134  132  134  132
  133  132  131  132  131  132  131  132  131  132  131  132  131  132  131  132  131  132  131  132  131  132  131
  132  132  131  132  131  132  131  132  131  132  131  132  131  132  131  132  131  132  131  132  131  132  131
  126  129  127  129  127  129  127  129  127  129  127  129  127  129  127  129  127  129  127  129  127  129  127
  119  123  122  123  122  123  122  123  122  123  122  123  122  123  122  123  122  123  122  123  122  123  122
  124  126  124  126  124  126  124  126  124  126  124  126  124  126  124  126  124  127  125  127  125  127  125
  126  126  126  126  126  126  126  126  126  126  126  126  126  126  126  126  126  126  126  126  126  126  126
  129  129  129  129  129  129  129  129  129  129  129  129  129  129  129  129  129  129  129  129  129  129  129
  130  131  130  131  130  131  130  131  130  131  130  131  130  131  130  131  130  130  129  130  129  130  129
  132  134  132  134  132  134  132  134  132  134  132  134  132  134  132  134  132  133  131  133  131  133  131
  136  136  136  136  136  136  136  136  136  136  136  136  136  136  136  136  136  135  135  135  135  135  135
  142  142  142  142  142  142  142  142  142  142  142  142  142  142  142  142  142  143  143  143  143  143  143
  149  149  149  149  149  149  149  149  149  149  149  149  149  149  149  149  149  150  150  150  150  150  150
  156  157  157  156  156  156  156  156  156  159  158  158  158  158  158  157  157  159  159  159  159  159  158
  165  168  168  168  168  168  168  168  169  167  167  167  167  167  168  168  168  167  167  167  167  167  168
  183  177  177  178  178  179  180  180  180  179  179  179  180  181  181  182  182  180  181  181  182  183  183
  134  136  137  137  138  139  140  141  141  144  144  145  146  147  148  149  149  149  150  151  152  153  154
  153  155  155  156  157  158  159  159  160  162  162  163  164  165  166  167  167  167  168  169  170  171  172
  230  224  225  225  226  226  227  228  228  225  225  226  226  227  228  228  228  227  227  228  228  229  229
  237  240  240  240  241  241  241  241  241  238  238  238  238  238  238  238  238  238  238  238  238  238  238
  240  240  240  240  240  239  239  239  239  240  240  240  239  239  239  239  239  241  241  240  240  240  240
  239  239  239  239  239  239  239  239  239  239  239  239  239  239  239  239  239  239  239  239  239  239  239
  238  238  238  238  238  238  238  238  238  238  238  238  238  238  238  238  238  238  238  238  238  238  238

  Columns 47 through 69

  167  167  168  168  168  168  168  168  168  168  167  167  167  167  167  167  167  167  171  171  171  171  171
  170  170  171  171  171  171  171  171  171  171  172  172  172  172  172  172  172  174  173  173  173  173  173
  179  179  178  178  178  178  178  178  178  178  180  180  180  180  180  180  180  180  182  182  182  182  182
  183  181  182  180  182  180  182  180  182  180  181  179  181  179  181  179  181  181  184  184  185  184  186
  174  173  175  174  175  174  175  174  175  174  175  174  175  174  175  174  175  175  175  176  178  176  179
  126  126  131  131  131  131  131  131  131  131  134  134  134  134  134  134  134  134  135  135  137  136  138
  108  108  111  111  111  111  111  111  111  111  114  114  114  114  114  114  114  114  116  116  119  117  120
   43   43   42   42   42   42   42   42   42   42   43   43   43   43   43   43   43   43   39   37   40   39   42
  132  132  132  132  132  132  132  132  132  132  130  130  130  130  130  130  130  130  132  131  132  131  132
  213  212  213  212  213  212  213  212  213  212  215  214  215  214  215  214  215  214  212  210  212  210  212
  217  215  217  215  217  215  217  215  217  215  217  215  217  215  217  215  217  215  215  214  215  214  215
  230  230  230  230  230  230  230  230  230  230  228  228  228  228  228  228  228  228  229  229  229  229  229
  221  221  221  221  221  221  221  221  221  221  223  223  223  223  223  223  223  223  220  220  220  220  220
  217  217  217  217  217  217  217  217  217  217  218  218  218  218  218  218  218  216  215  214  215  214  215
  206  206  206  206  206  206  206  206  206  206  203  203  203  203  203  203  203  203  204  203  204  203  204
  195  195  195  195  195  195  195  195  195  195  196  196  196  196  196  196  196  196  193  193  193  193  193
  188  188  188  188  188  188  188  188  188  188  188  188  188  188  188  188  188  188  187  187  187  187  187
  183  181  183  181  183  181  183  181  183  181  183  181  183  181  183  181  183  181  183  181  183  181  183
  176  175  176  175  176  175  176  175  176  175  176  175  176  175  176  175  176  175  176  175  176  175  176
  171  170  171  170  171  170  171  170  171  170  171  170  171  170  171  170  171  170  170  169  170  169  170
  167  165  167  165  167  165  167  165  167  165  167  165  167  165  167  165  167  165  166  164  166  164  166
  162  162  162  162  162  162  162  162  162  162  162  162  162  162  162  162  162  162  160  160  160  160  160
  156  156  156  156  156  156  156  156  156  156  156  156  156  156  156  156  156  156  154  154  154  154  154
  151  151  151  151  151  151  151  151  151  151  151  151  151  151  151  151  151  151  149  149  149  149  149
  146  146  145  145  145  145  145  145  145  145  147  147  147  147  147  147  147  147  145  145  145  145  145
  143  143  143  143  143  143  143  143  143  143  143  143  143  143  143  143  143  143  143  143  143  143  143
  138  138  139  139  139  139  139  139  139  139  138  138  138  138  138  138  138  138  138  138  138  138  138
  134  132  135  133  135  133  135  133  135  133  137  135  137  135  137  135  137  135  134  132  134  132  134
  132  131  133  132  133  132  133  132  133  132  134  133  134  133  134  133  134  133  132  131  132  131  132
  132  131  132  131  132  131  132  131  132  131  131  130  131  130  131  130  131  130  131  130  131  130  131
  129  127  128  126  128  126  128  126  128  126  126  124  126  124  126  124  126  124  126  124  126  124  126
  123  122  122  121  122  121  122  121  122  121  122  121  122  121  122  121  122  121  120  119  120  119  120
  127  125  127  125  127  125  127  125  127  125  125  123  125  123  125  123  125  123  125  123  125  123  125
  126  126  126  126  126  126  126  126  126  126  125  125  125  125  125  125  125  125  125  125  125  125  125
  129  129  129  129  129  129  129  129  129  129  128  128  128  128  128  128  128  128  128  128  128  128  128
  130  129  130  129  130  129  130  129  130  129  130  129  130  129  130  129  130  129  130  129  130  129  130
  133  131  133  131  133  131  133  131  133  131  133  131  133  131  133  131  133  131  133  131  133  131  133
  135  135  135  135  135  135  135  135  135  135  135  135  135  135  135  135  135  135  135  135  135  135  135
  143  143  143  143  143  143  143  143  143  143  141  141  141  141  141  141  141  141  141  141  141  141  141
  150  150  150  150  150  150  150  150  150  150  148  148  148  148  148  148  148  148  148  148  148  148  148
  158  158  158  158  158  158  157  157  157  157  158  158  158  158  158  157  157  157  156  156  156  156  155
  168  168  165  165  166  166  166  166  166  166  168  168  168  169  169  169  169  169  166  166  166  166  166
  184  184  182  182  183  183  184  184  185  185  178  179  179  180  180  181  182  182  179  179  180  180  181
  154  155  155  155  156  157  158  159  160  160  163  164  164  165  166  167  168  169  169  169  170  171  172
  172  173  173  173  174  175  176  177  178  178  181  182  182  183  184  185  186  186  187  187  188  189  190
  230  230  228  228  229  229  230  231  231  231  225  225  225  226  227  227  228  228  227  227  227  228  229
  238  238  236  236  236  236  237  237  237  237  239  239  239  239  239  240  240  240  238  238  238  239  239
  240  239  239  239  239  239  239  238  238  238  240  239  239  239  239  239  239  238  239  239  239  239  239
  239  239  239  239  239  239  239  239  239  239  239  239  239  239  239  239  239  239  239  239  239  239  239
  238  238  238  238  238  238  238  238  238  238  238  238  238  238  238  238  238  238  238  238  238  238  238

  Columns 70 through 92

  170  170  170  172  172  172  172  172  172  172  169  164  163  166  167  170  168  168  166  165  160  161  166
  173  173  173  174  174  174  174  174  174  174  171  168  167  171  172  174  174  172  171  171  165  163  170
  182  182  182  181  181  181  181  181  181  181  179  175  174  178  179  181  181  179  178  177  171  169  173
  185  186  185  184  183  184  183  184  183  184  181  177  177  180  182  184  183  183  180  177  177  179  182
  177  180  178  180  178  180  178  180  178  180  178  177  177  179  181  184  182  182  179  162  167  172  174
  138  139  139  143  142  143  142  143  142  143  142  145  145  147  149  152  150  149  147  154  156  157  151
  119  122  120  123  121  123  121  123  121  123  121  125  127  128  130  132  131  130  127  121  119  114  111
   41   43   42   40   38   40   38   40   38   40   40   40   40   43   44   45   45   44   41   45   39   36   45
  131  132  131  133  133  135  136  140  141  144  145  150  155  162  164  163  156  148  141  101   72   21   40
  210  212  210  206  204  207  206  209  208  211  211  206  208  212  214  215  211  207  202  191  162   92   47
  214  215  214  219  218  218  217  218  216  217  217  223  224  226  227  227  228  229  225  230  221  165   71
  229  229  229  228  228  228  227  227  226  226  225  224  223  225  226  228  228  227  226  215  222  199   85
  220  220  220  218  218  218  218  218  219  219  219  225  226  229  229  230  229  225  222  219  217  207   87
  214  215  214  216  215  217  217  218  218  219  219  212  214  218  218  220  216  211  208  213  205  204   93
  203  204  203  196  196  197  196  197  197  198  197  203  203  206  207  209  206  202  198  189  183  188   93
  193  193  193  194  194  194  194  193  193  193  192  190  191  194  194  195  195  194  190  190  183  179   82
  187  187  187  186  186  186  186  186  186  186  184  182  182  186  189  190  189  186  181  177  167  176   85
  181  183  181  182  180  182  180  182  180  182  180  178  178  182  185  187  186  182  176  172  164  171   87
  175  176  175  175  174  175  174  175  174  175  174  172  174  178  181  182  181  176  171  165  160  163   91
  169  170  169  170  169  170  169  170  169  170  169  168  169  173  176  178  176  172  166  161  158  153   94
  164  166  164  166  164  166  164  166  164  166  164  162  162  167  169  171  169  165  161  157  156  141   98
  160  160  160  161  161  161  161  161  161  161  159  157  157  161  164  165  164  161  155  152  148  125   98
  154  154  154  155  155  155  155  155  155  155  154  150  150  154  157  158  157  154  148  144  140  109   95
  149  149  149  150  150  150  150  150  150  150  149  144  144  148  151  152  151  147  143  136  132   98   93
  145  145  145  146  146  146  146  146  146  146  144  143  142  145  147  148  146  143  138  131  105   97   97
  143  143  143  142  142  142  142  142  142  142  141  134  135  142  144  145  142  137  132  113   93   92   97
  138  138  138  137  137  137  137  137  137  137  136  129  131  138  141  141  135  125  118  100   88   95  103
  132  134  132  136  134  136  134  136  134  136  133  129  130  134  133  131  122  112  105  101   93  104  110
  131  132  131  133  132  133  132  133  132  133  131  127  126  127  124  121  115  106  102  103   97  109  112
  130  131  130  130  129  130  129  130  129  130  127  120  118  119  118  117  114  110  107  103   96  108  113
  124  126  124  125  123  125  123  125  123  125  122  117  115  117  117  117  117  114  110  105  100  112  118
  119  120  119  121  120  121  120  121  120  121  120  119  118  121  120  120  117  113  110  112  107  121  127
  123  125  123  125  123  125  123  125  123  125  125  125  126  126  125  125  122  119  118  117  122  123  134
  125  125  125  125  125  125  125  125  125  125  126  128  129  128  128  126  124  122  121  121  126  129  140
  128  128  128  128  128  128  128  128  128  128  128  129  130  130  129  128  126  125  123  124  131  133  144
  129  130  129  130  129  130  129  130  129  130  130  130  132  132  132  130  129  127  127  128  135  137  145
  131  133  131  133  131  133  131  133  131  133  131  131  133  133  133  133  131  131  130  129  139  140  148
  135  135  135  135  135  135  135  135  135  135  135  134  134  137  137  137  135  135  135  135  143  146  152
  141  141  141  141  141  141  141  141  141  141  139  138  138  141  141  142  142  142  141  140  149  153  157
  148  148  148  148  148  148  148  148  148  148  146  145  145  146  148  150  150  149  149  147  156  159  162
  155  155  155  155  155  155  155  155  155  155  155  153  153  156  157  160  160  159  159  157  158  166  175
  166  167  167  165  165  165  165  165  165  165  163  163  163  166  169  170  170  170  169  167  167  172  177
  182  182  183  182  182  182  182  182  182  182  180  180  180  181  184  185  185  185  184  182  181  183  189
  173  173  174  176  176  176  176  176  176  176  175  174  174  177  178  181  181  181  180  177  176  178  182
  191  192  192  194  194  194  194  194  194  194  192  192  192  195  196  199  199  198  196  194  192  192  194
  229  230  230  229  229  229  229  229  229  229  227  227  227  230  233  235  235  234  231  227  225  224  224
  239  239  239  238  238  238  238  238  238  238  236  236  236  239  240  243  243  242  239  233  231  230  228
  238  238  238  239  239  239  239  239  239  239  238  237  237  240  242  243  243  242  240  235  236  235  235
  239  239  239  239  239  239  239  239  239  239  239  238  238  239  239  241  241  239  239  238  238  238  238
  238  238  238  238  238  238  238  238  238  238  238  238  238  238  238  238  238  238  238  238  238  238  238

  Columns 93 through 100

  171  168  172  176  174  173  173  173
  178  179  181  183  176  173  173  173
  179  181  184  182  179  175  175  175
  187  190  194  194  180  176  176  176
  175  179  187  191  181  178  178  178
  149  157  168  174  180  179  179  179
  122  144  164  174  180  181  181  181
   78  122  154  170  177  181  181  181
   72  151  135  173  180  184  184  184
   65  146  150  178  181  184  184  184
   79  156  166  177  185  186  186  186
   94  160  173  179  187  187  187  187
   96  153  173  194  189  189  189  189
   98  152  162  196  189  190  190  190
   98  158  152  187  189  192  192  192
   88  163  153  190  189  192  192  192
  100  156  168  188  194  195  195  195
  102  159  172  195  195  195  195  195
  103  159  175  199  197  197  197  197
  104  159  175  200  198  198  198  198
  107  161  177  199  200  200  200  200
  107  164  179  198  201  201  201  201
  110  169  183  199  203  203  203  203
  111  171  184  200  203  203  203  203
  124  165  182  200  206  206  206  206
  126  167  184  204  206  206  206  206
  130  167  186  207  208  208  208  208
  133  167  186  209  209  209  209  209
  132  165  187  212  211  211  211  211
  133  167  188  214  212  212  212  212
  138  170  190  213  214  214  214  214
  147  176  192  211  214  214  214  214
  158  175  197  219  217  216  216  216
  162  178  198  221  217  216  216  216
  164  179  199  221  218  218  218  218
  164  177  197  221  219  219  219  219
  165  177  195  220  221  221  221  221
  165  176  194  219  221  222  222  222
  169  177  194  220  223  224  224  224
  171  179  194  220  223  224  224  224
  176  178  198  224  226  227  227  227
  177  177  197  221  226  227  227  227
  188  191  207  228  228  229  229  229
  183  189  205  222  230  230  230  230
  198  204  217  227  232  232  232  232
  225  230  238  241  234  233  233  233
  231  234  237  236  236  235  235  235
  237  240  243  240  236  235  235  235
  238  238  239  239  238  238  238  238
  238  238  238  238  238  238  238  238


rect_jpeg(:,:,2) =

  Columns 1 through 23

  167  169  169  167  167  169  171  170  171  171  170  170  169  169  168  170  175  177  177  177  177  177  177
  175  174  173  174  175  177  175  172  174  174  173  173  172  172  171  173  175  177  177  177  177  177  177
  168  166  166  168  172  173  171  169  176  176  175  175  174  174  174  173  173  172  172  172  172  172  172
  174  174  175  179  180  179  181  185  180  180  180  180  179  179  179  177  175  173  173  173  173  173  173
  176  177  181  182  176  168  170  178  180  180  180  180  179  179  179  178  175  173  173  173  173  173  173
  174  174  178  178  165  147  139  144  139  139  139  139  139  137  137  137  135  134  134  134  134  134  134
  185  182  185  189  176  149  129  122  133  134  134  134  134  133  133  133  134  135  135  135  135  135  135
  179  173  176  187  178  147  115   99   82   83   84   84   83   82   82   83   85   87   86   87   86   87   86
  180  186  184  187  182  140  134   87   84   99  109  150  179  173  177  183  184  186  185  186  185  186  185
  181  186  185  188  183  140  136   90  108  195  243  249  243  241  252  247  247  248  247  248  247  248  247
  181  186  185  190  184  140  137   94  147  235  255  253  240  247  255  237  241  240  239  240  239  240  239
  183  187  186  192  185  139  138   98  213  250  251  246  248  247  252  240  241  240  239  240  239  240  239
  184  186  186  193  186  139  139  102  203  233  237  244  242  228  234  235  229  227  226  227  226  227  226
  185  187  187  196  187  137  139  105  211  243  243  239  237  232  236  230  231  230  230  230  230  230  230
  186  187  188  197  188  137  140  108  212  234  222  216  220  218  220  211  220  221  221  221  221  221  221
  187  188  188  197  189  137  141  110  197  221  224  234  231  212  215  222  224  226  226  226  226  226  226
  194  195  198  195  187  140  137  125  200  221  226  220  219  217  212  214  218  219  219  219  219  219  219
  198  197  199  196  186  139  138  129  201  223  226  219  218  215  211  213  215  216  215  216  215  216  215
  199  198  200  197  188  139  140  132  199  220  225  215  214  211  207  210  211  212  212  212  212  212  212
  201  199  201  199  189  139  141  137  195  217  223  214  211  209  205  210  208  209  208  209  208  209  208
  202  198  202  202  191  140  143  143  187  212  221  213  209  208  205  208  206  207  206  207  206  207  206
  203  199  203  204  192  140  144  148  176  205  216  212  210  207  204  209  206  206  206  206  206  206  206
  205  200  204  206  194  141  146  151  164  197  212  210  209  207  204  208  205  205  205  205  205  205  205
  205  200  204  206  195  141  148  155  157  192  209  209  210  207  205  208  205  205  205  205  205  205  205
  208  207  206  207  198  140  147  165  167  179  193  205  210  209  204  199  206  205  204  204  204  204  204
  209  206  206  207  199  140  147  168  169  178  188  198  205  209  210  209  203  203  203  203  204  204  205
  209  206  207  209  200  141  149  172  176  180  185  189  196  203  209  212  207  206  206  206  206  206  206
  211  207  207  211  201  141  151  177  187  189  188  188  190  196  202  205  212  211  209  209  207  207  205
  212  208  208  214  203  141  153  183  194  196  195  194  192  195  197  198  208  207  207  208  207  208  208
  214  208  209  216  205  141  155  188  195  199  200  200  200  199  200  200  199  199  200  203  205  207  209
  215  209  210  217  206  141  156  191  199  203  206  207  206  205  204  203  199  198  200  201  203  205  206
  214  208  210  218  207  141  155  193  204  208  210  210  208  206  205  202  206  205  204  204  203  203  203
  211  214  214  215  207  143  156  199  206  211  213  214  213  211  209  209  209  210  209  210  209  210  209
  213  216  215  217  210  143  158  201  208  214  216  217  216  214  212  211  213  214  214  214  214  214  214
  215  218  217  220  212  145  160  206  213  219  222  223  222  220  217  217  218  219  219  219  219  219  219
  217  218  218  222  213  145  162  210  218  224  227  228  227  226  224  223  224  225  225  225  225  225  225
  219  219  219  225  215  144  162  214  222  228  232  234  232  231  229  229  230  230  230  230  230  230  230
  220  219  220  227  216  144  163  218  226  232  236  238  237  236  234  233  234  235  235  235  235  235  235
  224  221  222  230  217  145  164  221  229  234  239  241  241  240  238  237  238  238  238  238  238  238  238
  226  224  225  232  219  145  164  223  231  236  241  243  243  242  240  239  239  240  240  240  240  240  240
  227  220  227  225  232  138  164  230  232  238  242  243  242  241  240  239  241  240  240  240  240  240  239
  232  227  232  225  224  133  160  223  229  234  237  241  239  239  237  237  234  234  234  234  234  234  234
  226  227  235  232  225  145  167  217  227  232  235  237  237  235  234  234  232  232  233  234  234  235  235
  229  231  234  227  209  131  132  154  157  161  164  165  165  164  163  164  166  167  168  169  170  171  172
  233  232  230  228  215  161  157  160  161  163  166  167  166  165  162  163  167  168  169  170  171  172  172
  233  232  227  236  238  222  232  230  234  236  238  238  237  235  233  232  233  235  234  236  236  237  237
  242  241  228  231  227  226  239  230  236  237  238  237  235  233  231  230  230  231  231  232  232  232  232
  235  240  231  235  226  230  242  229  235  236  236  236  233  231  229  229  233  234  234  233  233  233  233
  238  238  237  237  237  237  237  238  238  238  238  238  238  237  236  236  237  237  237  237  237  237  237
  238  238  238  238  238  238  238  238  238  238  238  238  238  238  238  238  238  238  238  238  238  238  238

  Columns 24 through 46

  177  177  177  177  177  177  177  177  177  177  177  177  177  177  177  177  177  177  177  177  177  177  177
  177  177  177  177  177  177  177  177  177  177  177  177  177  177  177  177  177  175  175  175  175  175  175
  172  172  172  172  172  172  172  172  172  172  172  172  172  172  172  172  172  172  172  172  172  172  172
  173  173  173  173  173  173  173  173  173  173  173  173  173  173  173  173  173  173  173  173  173  173  173
  173  173  173  173  173  173  173  173  173  173  173  173  173  173  173  173  173  172  172  172  172  172  172
  134  134  134  134  134  134  134  134  134  134  134  134  134  134  134  134  134  138  138  138  138  138  138
  135  135  135  135  135  135  135  135  135  135  135  135  135  135  135  135  135  142  142  142  142  142  142
   87   86   87   86   87   86   87   86   87   86   87   86   87   86   87   86   87   86   87   86   87   86   87
  186  178  179  178  179  178  179  178  179  178  179  178  179  178  179  178  179  178  179  178  179  178  179
  248  250  251  250  251  250  251  250  251  250  251  250  251  250  251  250  251  250  251  250  251  250  251
  240  236  237  236  237  236  237  236  237  236  237  236  237  236  237  236  237  236  237  236  237  236  237
  240  240  241  240  241  240  241  240  241  240  241  240  241  240  241  240  241  240  241  240  241  240  241
  227  226  227  226  227  226  227  226  227  226  227  226  227  226  227  226  227  226  227  226  227  226  227
  230  225  225  225  225  225  225  225  225  225  225  225  225  225  225  225  225  225  225  225  225  225  225
  221  226  226  226  226  226  226  226  226  226  226  226  226  226  226  226  226  226  226  226  226  226  226
  226  223  223  223  223  223  223  223  223  223  223  223  223  223  223  223  223  223  223  223  223  223  223
  219  217  217  217  217  217  217  217  217  219  219  219  219  219  219  219  219  219  219  219  219  219  219
  216  215  216  215  216  215  216  215  216  215  217  215  217  215  217  215  217  215  217  215  217  215  217
  212  213  213  213  213  213  213  213  213  212  213  212  213  212  213  212  213  212  213  212  213  212  213
  209  209  210  209  210  209  210  209  210  209  210  209  210  209  210  209  210  209  210  209  210  209  210
  207  208  209  208  209  208  209  208  209  207  208  207  208  207  208  207  208  207  208  207  208  207  208
  206  206  206  206  206  206  206  206  206  207  207  207  207  207  207  207  207  207  207  207  207  207  207
  205  204  204  204  204  204  204  204  205  206  206  206  206  206  206  206  206  206  206  206  206  206  206
  205  204  204  204  204  204  204  204  205  206  206  206  206  206  206  206  206  206  206  206  206  206  206
  204  203  203  203  203  203  203  203  203  203  204  204  204  204  204  204  204  204  204  204  204  204  204
  205  205  205  205  205  205  205  205  205  206  206  206  206  206  206  206  206  206  206  206  206  206  206
  206  206  206  206  206  206  206  206  206  206  206  206  206  206  206  206  206  206  206  206  206  206  206
  206  204  205  204  205  204  205  204  205  204  205  204  205  204  205  204  205  204  205  204  205  204  205
  209  206  207  206  207  206  207  206  206  206  206  205  206  205  206  205  206  205  206  205  206  205  206
  210  209  209  209  209  209  209  209  209  208  209  207  209  207  209  207  209  207  209  207  209  207  209
  207  208  208  208  208  208  208  208  208  207  208  207  208  207  208  207  208  207  208  207  208  207  208
  202  205  205  205  205  205  205  205  205  204  205  204  205  204  205  204  205  204  205  204  205  204  205
  210  209  210  209  210  209  210  209  210  209  210  209  210  209  210  209  210  210  211  210  211  210  211
  214  214  214  214  214  214  214  214  214  214  214  214  214  214  214  214  214  214  214  214  214  214  214
  219  219  219  219  219  219  219  219  219  219  219  219  219  219  219  219  219  219  219  219  219  219  219
  225  225  225  225  225  225  225  225  225  225  225  225  225  225  225  225  225  224  224  224  224  224  224
  230  230  230  230  230  230  230  230  230  230  230  230  230  230  230  230  230  229  229  229  229  229  229
  235  235  235  235  235  235  235  235  235  235  235  235  235  235  235  235  235  234  234  234  234  234  234
  238  238  238  238  238  238  238  238  238  238  238  238  238  238  238  238  238  239  239  239  239  239  239
  240  240  240  240  240  240  240  240  240  240  240  240  240  240  240  240  240  241  241  241  241  241  241
  239  240  240  239  239  239  239  239  239  242  241  241  241  241  241  240  240  242  242  242  242  242  241
  235  238  238  238  238  238  238  238  239  237  237  237  237  237  238  238  238  237  237  237  237  237  238
  236  230  230  231  231  232  233  233  233  232  232  232  233  234  234  235  235  233  234  234  235  236  236
  172  174  175  175  176  177  178  179  179  182  182  183  184  185  186  187  187  187  188  189  190  191  192
  173  175  175  176  177  178  179  179  180  182  182  183  184  185  186  187  187  187  188  189  190  191  192
  238  231  233  232  234  233  235  235  236  232  233  233  234  234  236  235  236  234  235  235  236  236  237
  232  235  235  235  236  236  236  236  236  233  233  233  233  233  233  233  233  233  233  233  233  233  233
  233  233  233  233  233  232  232  232  232  233  233  233  232  232  232  232  232  234  234  233  233  233  233
  237  237  237  237  237  237  237  237  237  237  237  237  237  237  237  237  237  237  237  237  237  237  237
  238  238  238  238  238  238  238  238  238  238  238  238  238  238  238  238  238  238  238  238  238  238  238

  Columns 47 through 69

  177  177  178  178  178  178  178  178  178  178  177  177  177  177  177  177  177  177  177  177  177  177  177
  175  175  176  176  176  176  176  176  176  176  177  177  177  177  177  177  177  176  174  174  174  174  174
  172  172  171  171  171  171  171  171  171  171  173  173  173  173  173  173  173  173  172  172  172  172  172
  173  173  172  172  172  172  172  172  172  172  171  171  171  171  171  171  171  171  174  174  173  174  174
  172  172  173  173  173  173  173  173  173  173  173  173  173  173  173  173  173  173  173  174  173  174  174
  138  138  143  143  143  143  143  143  143  143  146  146  146  146  146  146  146  146  147  147  147  148  148
  142  142  145  145  145  145  145  145  145  145  148  148  148  148  148  148  148  148  150  150  150  151  151
   86   87   85   86   85   86   85   86   85   86   86   87   86   87   86   87   86   87   82   83   83   85   85
  178  179  178  179  178  179  178  179  178  179  176  177  176  177  176  177  176  177  178  179  178  179  178
  250  251  250  251  250  251  250  251  250  251  252  253  252  253  252  253  252  253  251  251  251  251  251
  236  237  236  237  236  237  236  237  236  237  236  237  236  237  236  237  236  237  237  238  237  238  237
  240  241  240  241  240  241  240  241  240  241  238  239  238  239  238  239  238  239  241  241  241  241  241
  226  227  226  227  226  227  226  227  226  227  228  229  228  229  228  229  228  229  227  228  227  228  227
  225  225  225  225  225  225  225  225  225  225  226  226  226  226  226  226  226  227  226  227  226  227  226
  226  226  226  226  226  226  226  226  226  226  223  223  223  223  223  223  223  223  227  228  227  228  227
  223  223  223  223  223  223  223  223  223  223  224  224  224  224  224  224  224  224  223  224  224  224  224
  219  218  218  218  218  218  218  218  218  218  218  218  218  218  218  218  218  218  219  220  220  220  220
  215  216  215  216  215  216  215  216  215  216  215  216  215  216  215  216  215  216  216  217  216  217  216
  212  212  211  212  211  212  211  212  211  212  211  212  211  212  211  212  211  212  212  213  212  213  212
  209  209  208  209  208  209  208  209  208  209  208  209  208  209  208  209  208  209  208  209  208  209  208
  207  208  207  207  207  207  207  207  207  207  207  207  207  207  207  207  207  207  206  207  206  207  206
  207  207  207  207  207  207  207  207  207  207  207  207  207  207  207  207  207  207  205  205  205  205  205
  206  206  206  206  206  206  206  206  206  206  206  206  206  206  206  206  206  206  204  204  204  204  204
  206  206  206  206  206  206  206  206  206  206  206  206  206  206  206  206  206  206  204  204  204  204  204
  204  204  203  203  203  203  203  203  203  203  205  205  205  205  205  205  205  204  202  202  202  202  202
  206  206  206  206  206  206  206  206  206  206  206  206  206  206  206  206  206  206  205  205  205  205  205
  206  206  207  207  207  207  207  207  207  207  206  206  206  206  206  206  206  206  206  206  206  206  206
  204  205  205  206  206  206  206  206  206  206  208  208  208  208  208  208  208  208  204  205  204  205  204
  205  206  207  207  207  207  207  207  207  207  208  208  208  208  208  208  208  208  206  206  206  206  206
  207  209  208  209  208  209  208  209  208  209  207  208  207  208  207  208  207  208  207  208  207  208  207
  207  208  206  207  206  207  206  207  206  207  204  205  204  205  204  205  204  205  204  205  204  205  204
  204  205  203  204  203  204  203  204  203  204  203  204  203  204  203  204  203  204  201  202  201  202  201
  210  211  210  211  210  211  210  211  210  211  208  209  208  209  208  209  208  209  208  209  208  209  208
  214  214  214  214  214  214  214  214  214  214  213  213  213  213  213  213  213  213  213  213  213  213  213
  219  219  219  219  219  219  219  219  219  219  218  218  218  218  218  218  218  218  218  218  218  218  218
  224  224  224  224  224  224  224  224  224  224  224  224  224  224  224  224  224  224  224  224  224  224  224
  229  229  229  229  229  229  229  229  229  229  229  229  229  229  229  229  229  229  229  229  229  229  229
  234  234  234  234  234  234  234  234  234  234  234  234  234  234  234  234  234  234  234  234  234  234  234
  239  239  239  239  239  239  239  239  239  239  237  237  237  237  237  237  237  237  237  237  237  237  237
  241  241  241  241  241  241  241  241  241  241  239  239  239  239  239  239  239  239  239  239  239  239  239
  241  241  241  241  241  241  240  240  240  240  241  241  241  241  241  240  240  240  239  239  239  239  238
  238  238  235  235  236  236  236  236  236  236  238  238  238  239  239  239  239  239  236  236  236  236  236
  237  237  235  235  236  236  237  237  238  238  231  232  232  233  233  234  235  235  232  232  233  233  234
  192  193  193  193  194  195  196  197  198  198  201  202  202  203  204  205  206  207  207  207  208  209  210
  192  193  193  193  194  195  196  197  198  198  201  202  202  203  204  205  206  206  207  207  208  209  210
  237  238  235  236  236  237  237  239  238  239  232  233  232  234  234  235  235  236  234  235  234  236  236
  233  233  231  231  231  231  232  232  232  232  234  234  234  234  234  235  235  235  233  233  233  234  234
  233  232  232  232  232  232  232  231  231  231  233  232  232  232  232  232  232  231  232  232  232  232  232
  237  237  237  237  237  237  237  237  237  237  237  237  237  237  237  237  237  237  237  237  237  237  237
  238  238  238  238  238  238  238  238  238  238  238  238  238  238  238  238  238  238  238  238  238  238  238

  Columns 70 through 92

  176  176  176  178  178  178  178  178  178  178  179  180  180  178  177  174  175  175  178  180  177  178  181
  174  174  174  175  175  175  175  175  175  175  176  179  180  177  175  174  174  175  177  182  178  176  179
  172  172  172  171  171  171  171  171  171  171  173  176  176  174  173  171  171  173  174  178  174  172  174
  175  174  175  172  173  172  173  172  173  172  174  176  177  175  173  171  172  173  175  177  179  181  182
  175  175  176  175  176  175  176  175  176  175  176  180  181  179  178  175  177  177  179  166  174  181  178
  150  149  151  153  154  153  154  153  154  153  154  160  160  158  157  155  156  157  158  169  176  177  169
  153  153  154  154  155  154  155  154  155  154  155  159  158  156  155  153  154  155  157  157  157  152  147
   87   86   88   83   84   83   84   83   84   83   83   82   82   80   78   77   77   79   81   90   88   85   92
  179  178  179  179  181  181  184  186  189  190  191  195  197  199  199  196  190  185  183  148  124   73   89
  251  251  251  245  245  246  247  248  249  250  249  244  244  243  243  241  240  238  238  232  208  140   93
  238  237  238  241  242  240  241  240  240  239  240  246  245  242  241  240  242  245  249  255  254  201  104
  241  241  241  240  240  240  239  239  238  238  238  236  236  233  230  231  232  237  241  235  247  226  110
  228  227  228  225  226  225  226  225  227  226  227  234  234  232  231  231  231  233  235  239  242  232  109
  227  226  227  227  228  228  230  229  231  230  232  226  226  225  224  224  223  223  224  237  233  232  121
  228  227  228  219  221  220  221  220  222  221  222  227  227  225  224  223  223  224  227  225  224  230  132
  224  224  224  225  225  225  225  224  224  224  224  224  222  220  218  216  218  223  225  233  231  229  128
  220  220  220  219  219  219  219  219  219  219  220  219  219  216  214  213  213  216  220  226  221  230  134
  217  216  217  215  216  215  216  215  216  215  216  218  218  214  212  210  211  214  218  223  220  227  138
  213  212  213  211  212  211  212  211  212  211  212  215  214  211  209  207  208  211  215  219  219  222  142
  209  208  209  208  209  208  209  208  209  208  209  213  212  209  207  205  206  209  213  218  219  214  148
  207  206  207  206  207  206  207  206  207  206  207  210  210  207  205  203  205  207  211  217  220  205  152
  205  205  205  206  206  206  206  206  206  206  207  209  209  206  204  203  204  206  210  216  217  192  154
  204  204  204  205  205  205  205  205  205  205  206  207  207  204  202  201  202  204  208  213  212  178  155
  204  204  204  205  205  205  205  205  205  205  206  206  206  203  202  200  201  204  208  210  208  172  155
  202  202  202  203  203  203  203  203  203  203  204  211  210  206  203  201  202  205  210  211  187  173  161
  205  205  205  204  204  204  204  204  204  204  206  207  208  207  207  206  205  207  209  198  180  173  164
  206  206  206  205  205  205  205  205  205  205  206  206  208  208  209  206  203  200  200  189  177  180  172
  205  204  205  206  207  206  207  206  207  206  208  210  211  209  206  201  195  192  190  194  185  191  182
  206  206  206  207  207  207  207  207  207  207  209  210  209  205  199  194  192  191  191  200  194  198  186
  208  207  208  206  207  206  207  206  207  206  208  206  206  200  196  194  194  197  202  202  195  200  188
  205  204  205  203  204  203  204  203  204  203  205  205  205  200  198  198  200  203  208  206  200  204  193
  202  201  202  202  203  202  203  202  203  202  203  207  206  204  203  202  202  205  207  211  204  208  197
  209  208  209  208  209  208  209  208  209  208  208  208  208  207  208  207  209  211  212  211  211  200  195
  213  213  213  213  213  213  213  213  213  213  212  211  211  211  211  212  213  214  215  213  213  202  196
  218  218  218  218  218  218  218  218  218  218  218  217  216  216  217  218  219  220  221  219  219  209  202
  224  224  224  224  224  224  224  224  224  224  224  223  223  223  223  224  225  226  226  224  226  215  209
  229  229  229  229  229  229  229  229  229  229  229  229  228  229  229  229  230  231  232  229  230  221  214
  234  234  234  234  234  234  234  234  234  234  234  234  234  233  233  234  235  235  236  233  235  228  218
  237  237  237  237  237  237  237  237  237  237  237  238  238  237  237  237  238  238  239  236  239  232  223
  239  239  239  239  239  239  239  239  239  239  239  240  240  239  239  238  239  240  240  236  241  234  225
  238  238  238  238  238  238  238  238  238  238  238  240  240  239  239  238  238  240  240  238  234  235  233
  236  237  237  235  235  235  235  235  235  235  236  238  238  236  235  235  235  236  237  235  232  231  228
  235  235  236  235  235  235  235  235  235  235  236  237  237  237  235  235  235  235  236  235  233  232  229
  211  211  212  214  214  214  214  214  214  214  215  217  217  215  214  212  212  213  214  216  215  214  213
  211  212  212  214  214  214  214  214  214  214  215  217  217  215  214  212  212  213  214  217  217  217  217
  237  237  238  236  237  236  237  236  237  236  238  240  240  238  235  233  233  234  236  237  239  238  237
  234  234  234  233  233  233  233  233  233  233  234  237  237  234  232  230  230  231  233  234  235  237  235
  231  231  231  232  232  232  232  232  232  232  233  235  235  233  231  230  230  230  232  232  235  237  237
  237  237  237  237  237  237  237  237  237  237  237  238  238  237  237  236  236  236  237  238  238  238  238
  238  238  238  238  238  238  238  238  238  238  238  238  238  238  238  238  238  238  238  238  238  238  238

  Columns 93 through 100

  175  167  162  167  171  173  173  173
  178  173  167  170  171  173  173  173
  172  167  162  163  172  175  175  175
  178  174  171  173  173  176  176  176
  172  169  170  175  176  178  178  178
  160  160  164  168  178  179  179  179
  152  167  180  183  182  181  181  181
  120  156  181  188  183  181  181  181
  117  188  167  194  186  184  184  184
  103  180  176  196  186  184  184  184
  105  177  180  185  187  186  186  186
  114  175  181  183  188  187  187  187
  113  166  177  196  190  189  189  189
  122  171  174  202  191  190  190  190
  132  187  174  201  194  192  192  192
  126  194  176  203  194  192  192  192
  137  182  182  194  196  195  195  195
  139  182  182  197  195  195  195  195
  140  183  185  201  197  197  197  197
  143  183  185  202  198  198  198  198
  146  186  184  199  200  200  200  200
  149  189  187  198  201  201  201  201
  152  194  191  199  203  203  203  203
  155  198  195  200  203  203  203  203
  171  192  193  200  206  206  206  206
  174  194  195  204  206  206  206  206
  180  197  197  207  208  208  208  208
  183  197  197  210  209  209  209  209
  184  196  198  213  211  211  211  211
  185  198  199  215  212  212  212  212
  190  202  201  214  214  214  214  214
  195  204  201  210  214  214  214  214
  197  197  200  216  216  216  216  216
  199  198  201  218  216  216  216  216
  203  201  204  221  218  218  218  218
  208  203  206  222  219  219  219  219
  210  205  206  222  221  221  221  221
  213  206  208  224  223  222  222  222
  217  208  210  226  225  224  224  224
  218  210  212  229  225  224  224  224
  218  207  214  233  228  227  227  227
  214  203  210  227  228  227  227  227
  218  210  218  232  230  229  229  229
  206  203  211  223  230  230  230  230
  212  212  217  225  232  232  232  232
  233  232  234  236  232  233  233  233
  234  233  231  230  234  235  235  235
  237  239  237  234  234  235  235  235
  238  238  237  237  238  238  238  238
  238  238  238  238  238  238  238  238


rect_jpeg(:,:,3) =

  Columns 1 through 23

  175  177  177  175  173  175  177  176  177  177  178  178  180  180  182  178  169  166  166  166  166  166  166
  183  182  181  180  181  180  178  175  177  177  179  179  180  180  182  179  175  171  171  171  171  171  171
  176  174  172  174  175  173  171  169  173  173  175  175  177  177  177  179  179  180  180  180  180  180  180
  182  180  181  182  180  176  175  177  172  172  172  172  173  173  173  177  182  184  184  184  184  184  184
  182  183  184  182  170  160  159  164  163  163  163  163  165  165  165  169  174  178  178  178  178  178  178
  180  177  178  175  157  133  122  122  113  113  113  113  113  115  115  117  122  124  124  124  124  124  124
  191  185  185  183  165  132  103   93  102  100  100  100  100  102  102  102  102  100  100  100  100  100  100
  185  176  176  179  164  125   86   65   45   43   41   41   43   45   45   43   41   38   40   38   40   38   40
  186  189  181  179  165  114  103   50   41   54   64  105  136  130  137  140  138  134  136  134  136  134  136
  187  189  182  180  166  114  102   50   63  147  195  204  198  198  212  207  206  204  204  204  204  204  204
  189  192  185  182  167  114  103   51  102  187  223  208  197  207  220  206  215  217  217  217  217  217  217
  191  193  186  184  168  113  104   55  168  205  206  203  208  213  221  214  224  226  228  226  228  226  228
  195  194  189  187  172  113  105   62  160  188  194  204  208  199  208  216  215  217  219  217  219  217  219
  196  195  190  190  173  115  108   68  168  200  203  205  208  206  217  213  215  215  215  215  215  215  215
  200  198  191  191  174  115  109   71  172  194  185  185  194  199  206  194  194  193  193  193  193  193  193
  195  195  193  196  179  117  108   69  151  177  184  200  205  190  195  199  190  188  188  188  188  188  188
  189  193  204  200  184  124  100   74  140  162  175  176  185  185  177  177  178  178  178  178  178  178  178
  184  190  204  205  189  126   99   72  134  154  170  172  177  177  169  169  173  174  174  174  174  174  174
  185  191  205  206  190  126  100   75  129  151  166  166  170  170  162  163  166  168  168  168  168  168  168
  187  192  206  208  191  126  101   77  124  145  161  159  165  165  157  160  160  162  164  162  164  162  164
  189  192  207  211  193  124  101   80  113  137  153  155  160  158  151  153  155  157  159  157  159  157  159
  190  193  208  213  194  124  102   83  100  125  146  148  154  152  144  147  152  153  153  153  153  153  153
  194  195  209  215  195  122  101   86   83  113  136  140  146  143  136  141  145  149  149  149  149  149  149
  194  195  209  213  194  122  100   86   73  103  128  134  140  138  129  134  139  143  143  143  143  143  143
  200  202  211  214  197  119   96   94   80   87  106  124  133  131  120  118  132  136  135  135  135  135  135
  201  202  214  214  198  119   96   93   76   80   96  112  122  125  120  120  122  126  128  126  129  127  130
  202  202  215  216  199  119   96   94   80   78   87   97  107  112  110  114  118  121  123  121  123  121  123
  204  205  216  218  200  117   95   96   88   83   87   91   96   98   98  102  117  121  120  119  118  117  116
  207  206  217  221  199  116   97  101   91   85   88   90   92   91   87   89  106  109  110  110  110  110  111
  209  206  218  223  201  114   96  103   91   86   90   93   94   91   87   86   94   97   98  101  103  105  107
  210  207  219  226  202  114   97  105   92   89   93   98   98   94   88   86   89   93   95   96   98  100  101
  214  209  219  223  200  112   99  110   99   94   95   97   98   95   89   88   95   97   96   96   95   95   95
  219  221  219  214  195  112  102  122  108  101   98   98   99   99  101  101  103  103  103  103  103  103  103
  224  224  221  212  193  111  105  127  115  104   99   97   99  101  104  106  104  104  104  104  104  104  104
  226  226  221  215  195  110  106  129  117  106  101   97   99  103  106  106  105  105  105  105  105  105  105
  228  226  222  217  195  110  107  133  121  110  103  100  101  103  107  109  107  105  105  105  105  105  105
  227  225  222  219  196  109  107  137  123  113  105  102  104  105  109  109  107  107  107  107  107  107  107
  228  225  221  221  197  111  108  143  129  118  111  106  108  108  111  113  111  109  109  109  109  109  109
  230  225  223  223  200  112  111  149  135  124  117  112  113  113  117  117  115  115  115  115  115  115  115
  230  225  223  225  202  115  117  156  142  133  125  121  121  123  126  126  125  123  123  123  123  123  123
  228  221  225  220  218  113  122  169  154  144  138  134  134  134  137  137  137  134  134  134  134  134  133
  233  228  230  220  213  112  125  173  162  154  148  146  148  148  151  151  146  145  145  145  145  145  145
  224  225  236  230  220  131  140  179  174  167  162  161  164  166  170  168  164  162  163  164  164  165  165
  227  229  235  228  207  124  115  126  118  113  109  110  112  117  119  120  120  118  119  120  121  122  123
  228  230  231  232  219  162  150  143  135  130  129  130  133  137  143  144  142  141  142  143  144  145  145
  228  230  228  240  245  229  233  224  220  217  216  216  220  227  230  230  227  224  226  225  228  226  229
  235  236  229  238  236  235  246  231  230  229  227  229  232  239  242  242  238  235  237  236  238  236  238
  230  235  232  239  233  238  249  232  235  233  233  233  236  239  243  243  244  242  242  241  241  241  241
  236  236  238  238  240  240  240  238  238  238  238  238  238  240  242  242  240  240  240  240  240  240  240
  238  238  238  238  238  238  238  238  238  238  238  238  238  238  238  238  238  238  238  238  238  238  238

  Columns 24 through 46

  166  166  166  166  166  166  166  166  166  166  166  166  166  166  166  166  166  166  166  166  166  166  166
  171  171  171  171  171  171  171  171  171  171  171  171  171  171  171  171  171  169  169  169  169  169  169
  180  180  180  180  180  180  180  180  180  180  180  180  180  180  180  180  180  180  180  180  180  180  180
  184  184  184  184  184  184  184  184  184  184  184  184  184  184  184  184  184  184  184  184  184  184  184
  178  178  178  178  178  178  178  178  178  178  178  178  178  178  178  178  178  177  177  177  177  177  177
  124  124  124  124  124  124  124  124  124  124  124  124  124  124  124  124  124  128  128  128  128  128  128
  100  100  100  100  100  100  100  100  100  100  100  100  100  100  100  100  100  107  107  107  107  107  107
   38   40   38   40   38   40   38   40   38   40   38   40   38   40   38   40   38   40   38   40   38   40   38
  134  129  127  129  127  129  127  129  127  129  127  129  127  129  127  129  127  129  127  129  127  129  127
  204  207  207  207  207  207  207  207  207  207  207  207  207  207  207  207  207  207  207  207  207  207  207
  217  214  214  214  214  214  214  214  214  214  214  214  214  214  214  214  214  214  214  214  214  214  214
  226  229  227  229  227  229  227  229  227  229  227  229  227  229  227  229  227  229  227  229  227  229  227
  217  219  217  219  217  219  217  219  217  219  217  219  217  219  217  219  217  219  217  219  217  219  217
  215  210  210  210  210  210  210  210  210  210  210  210  210  210  210  210  210  210  210  210  210  210  210
  193  198  198  198  198  198  198  198  198  198  198  198  198  198  198  198  198  198  198  198  198  198  198
  188  185  185  185  185  185  185  185  185  185  185  185  185  185  185  185  185  185  185  185  185  185  185
  178  176  176  176  176  176  176  176  176  178  178  178  178  178  178  178  178  178  178  178  178  178  178
  174  174  174  174  174  174  174  174  174  174  173  174  173  174  173  174  173  174  173  174  173  174  173
  168  169  169  169  169  169  169  169  169  168  166  168  166  168  166  168  166  168  166  168  166  168  166
  162  165  163  165  163  165  163  165  163  162  160  160  160  160  160  160  160  160  160  160  160  160  160
  157  161  159  161  159  161  159  161  159  155  155  155  155  155  155  155  155  155  155  155  155  155  155
  153  153  153  153  153  153  153  153  153  152  150  150  150  150  150  150  150  150  150  150  150  150  150
  149  148  148  148  148  148  148  148  146  145  143  143  143  143  143  143  143  143  143  143  143  143  143
  143  142  142  142  142  142  142  142  140  139  138  138  138  138  138  138  138  138  138  138  138  138  138
  135  134  134  134  134  134  134  134  134  132  130  130  130  130  130  130  130  130  130  130  130  130  130
  128  130  128  130  128  130  128  130  128  127  127  127  127  127  127  127  127  127  127  127  127  127  127
  121  123  121  123  121  123  121  123  121  121  121  121  121  121  121  121  121  121  121  121  121  121  121
  116  115  115  115  115  115  115  115  115  115  115  115  115  115  115  115  115  115  115  115  115  115  115
  111  109  109  109  109  109  109  109  111  111  113  113  113  113  113  113  113  113  113  113  113  113  113
  108  107  107  107  107  107  107  107  108  110  110  112  110  112  110  112  110  112  110  112  110  112  110
  102  103  103  103  103  103  103  103  103  106  106  108  106  108  106  108  106  108  106  108  106  108  106
   94   97   97   97   97   97   97   97   99  101  101  102  101  102  101  102  101  102  101  102  101  102  101
  103  103  103  103  103  103  103  103  103  103  103  105  103  105  103  105  103  106  104  106  104  106  104
  104  104  104  104  104  104  104  104  104  104  104  104  104  104  104  104  104  104  104  104  104  104  104
  105  105  105  105  105  105  105  105  105  105  105  105  105  105  105  105  105  105  105  105  105  105  105
  105  105  105  105  105  105  105  105  105  105  105  105  105  105  105  105  105  104  104  104  104  104  104
  107  107  107  107  107  107  107  107  107  107  107  107  107  107  107  107  107  106  106  106  106  106  106
  109  109  109  109  109  109  109  109  109  109  109  109  109  109  109  109  109  108  108  108  108  108  108
  115  115  115  115  115  115  115  115  115  115  115  115  115  115  115  115  115  116  116  116  116  116  116
  123  123  123  123  123  123  123  123  123  123  123  123  123  123  123  123  123  124  124  124  124  124  124
  133  134  134  133  133  133  133  133  133  136  135  135  135  135  135  134  134  136  136  136  136  136  135
  146  149  149  149  149  149  149  149  150  148  148  148  148  148  149  149  149  148  148  148  148  148  149
  166  160  160  161  161  162  163  163  163  162  162  162  163  164  164  165  165  163  164  164  165  166  166
  123  125  126  126  127  128  129  130  130  133  133  134  135  136  137  138  138  138  139  140  141  142  143
  146  148  148  149  150  151  152  152  153  155  155  156  157  158  159  160  160  160  161  162  163  164  165
  227  223  222  224  223  225  224  227  225  224  222  225  223  226  225  227  225  226  224  227  225  228  226
  236  241  239  241  240  242  240  242  240  239  237  239  237  239  237  239  237  239  237  239  237  239  237
  241  241  241  241  241  240  240  240  240  241  241  241  240  240  240  240  240  242  242  241  241  241  241
  240  240  240  240  240  240  240  240  240  240  240  240  240  240  240  240  240  240  240  240  240  240  240
  238  238  238  238  238  238  238  238  238  238  238  238  238  238  238  238  238  238  238  238  238  238  238

  Columns 47 through 69

  166  166  167  167  167  167  167  167  167  167  166  166  166  166  166  166  166  166  167  167  167  167  167
  169  169  170  170  170  170  170  170  170  170  171  171  171  171  171  171  171  171  169  169  169  169  169
  180  180  179  179  179  179  179  179  179  179  181  181  181  181  181  181  181  181  181  181  181  181  181
  184  184  183  183  183  183  183  183  183  183  182  182  182  182  182  182  182  182  185  185  185  185  186
  177  177  178  178  178  178  178  178  178  178  178  178  178  178  178  178  178  178  178  179  179  179  180
  128  128  133  133  133  133  133  133  133  133  136  136  136  136  136  136  136  136  137  137  138  138  139
  107  107  110  110  110  110  110  110  110  110  113  113  113  113  113  113  113  113  115  115  116  116  117
   40   38   39   37   39   37   39   37   39   37   40   38   40   38   40   38   40   38   36   34   37   36   39
  129  127  129  127  129  127  129  127  129  127  127  125  127  125  127  125  127  125  129  127  129  127  129
  207  207  207  207  207  207  207  207  207  207  209  209  209  209  209  209  209  209  207  207  207  207  207
  214  214  214  214  214  214  214  214  214  214  214  214  214  214  214  214  214  214  214  214  214  214  214
  229  227  229  227  229  227  229  227  229  227  227  225  227  225  227  225  227  225  229  227  229  227  229
  219  217  219  217  219  217  219  217  219  217  221  219  221  219  221  219  221  219  219  217  219  217  219
  210  210  210  210  210  210  210  210  210  210  211  211  211  211  211  211  211  211  210  210  210  210  210
  198  198  198  198  198  198  198  198  198  198  195  195  195  195  195  195  195  195  198  198  198  198  198
  185  185  185  185  185  185  185  185  185  185  186  186  186  186  186  186  186  186  185  183  183  183  183
  178  180  180  182  182  182  182  182  182  182  182  182  182  182  182  182  182  180  178  177  177  177  177
  174  174  176  176  178  176  178  176  178  176  178  176  178  176  178  176  178  176  173  171  171  171  171
  168  168  169  169  171  169  171  169  171  169  171  169  171  169  171  169  171  169  168  166  166  166  166
  160  162  164  164  164  164  164  164  164  164  164  164  164  164  164  164  164  164  161  159  161  159  161
  155  155  157  157  157  157  157  157  157  157  157  157  157  157  157  157  157  157  156  154  156  154  156
  150  150  152  152  152  152  152  152  152  152  152  152  152  152  152  152  152  152  150  150  150  150  150
  143  143  145  145  145  145  145  145  145  145  145  145  145  145  145  145  145  145  145  145  145  145  145
  138  138  139  139  139  139  139  139  139  139  139  139  139  139  139  139  139  139  139  139  139  139  139
  130  130  129  129  129  129  129  129  129  129  131  131  131  131  131  131  131  133  133  133  133  133  133
  127  127  127  127  127  127  127  127  127  127  127  127  127  127  127  127  127  127  128  130  130  130  130
  121  121  120  120  120  120  120  120  120  120  119  119  119  119  119  119  119  121  123  123  123  123  123
  115  115  116  114  114  114  114  114  114  114  116  116  116  116  116  116  116  118  115  116  116  116  116
  113  111  112  112  112  112  112  112  112  112  113  113  113  113  113  113  113  113  111  111  111  111  111
  112  110  110  108  110  108  110  108  110  108  109  107  109  107  109  107  109  107  107  107  107  107  107
  108  106  105  104  105  104  105  104  105  104  103  102  103  102  103  102  103  102  102  102  102  102  102
  102  101  100  100  100  100  100  100  100  100  100  100  100  100  100  100  100  100   96   96   96   96   96
  106  104  104  104  104  104  104  104  104  104  102  102  102  102  102  102  102  102  102  102  102  102  102
  104  104  104  104  104  104  104  104  104  104  103  103  103  103  103  103  103  103  103  103  103  103  103
  105  105  105  105  105  105  105  105  105  105  104  104  104  104  104  104  104  104  104  104  104  104  104
  104  104  104  104  104  104  104  104  104  104  104  104  104  104  104  104  104  104  104  104  104  104  104
  106  106  106  106  106  106  106  106  106  106  106  106  106  106  106  106  106  106  106  106  106  106  106
  108  108  108  108  108  108  108  108  108  108  108  108  108  108  108  108  108  108  108  108  108  108  108
  116  116  116  116  116  116  116  116  116  116  114  114  114  114  114  114  114  114  114  114  114  114  114
  124  124  124  124  124  124  124  124  124  124  122  122  122  122  122  122  122  122  122  122  122  122  122
  135  135  135  135  135  135  134  134  134  134  135  135  135  135  135  134  134  134  133  133  133  133  132
  149  149  146  146  147  147  147  147  147  147  149  149  149  150  150  150  150  150  147  147  147  147  147
  167  167  165  165  166  166  167  167  168  168  161  162  162  163  163  164  165  165  162  162  163  163  164
  143  144  144  144  145  146  147  148  149  149  152  153  153  154  155  156  157  158  158  158  159  160  161
  165  166  166  166  167  168  169  170  171  171  174  175  175  176  177  178  179  179  180  180  181  182  183
  229  227  227  225  228  226  229  228  230  228  224  222  224  223  226  224  227  225  226  224  226  225  228
  239  237  237  235  237  235  238  236  238  236  240  238  240  238  240  239  241  239  239  237  239  238  240
  241  240  240  240  240  240  240  239  239  239  241  240  240  240  240  240  240  239  240  240  240  240  240
  240  240  240  240  240  240  240  240  240  240  240  240  240  240  240  240  240  240  240  240  240  240  240
  238  238  238  238  238  238  238  238  238  238  238  238  238  238  238  238  238  238  238  238  238  238  238

  Columns 70 through 92

  166  166  166  168  168  168  168  168  168  168  170  170  174  178  179  183  181  181  178  177  171  172  178
  169  169  169  170  170  170  170  170  170  170  170  171  173  177  180  182  182  180  177  178  171  169  176
  181  181  181  180  180  180  180  180  180  180  177  171  171  175  177  179  179  177  175  173  167  165  169
  186  186  186  184  184  184  184  184  184  184  181  171  169  172  174  178  176  174  172  169  168  170  174
  180  181  181  181  181  181  181  181  181  181  177  169  167  171  173  176  174  173  169  151  156  162  164
  140  140  141  144  144  144  144  144  144  144  140  139  139  142  144  148  146  144  141  146  149  150  145
  118  119  119  120  120  120  120  120  120  120  120  126  127  131  133  136  134  133  129  121  118  113  111
   38   40   39   37   35   37   35   37   35   37   38   42   46   49   51   53   53   49   46   49   41   38   48
  127  129  127  130  129  132  132  137  137  141  144  152  159  166  169  169  163  152  145  104   75   24   42
  207  207  207  201  201  202  203  204  205  206  208  205  208  212  215  216  212  207  202  188  159   90   46
  214  214  214  218  218  217  217  217  216  216  214  217  214  216  218  220  219  219  217  218  209  155   59
  227  229  227  228  226  228  225  227  224  226  221  212  210  212  213  214  215  213  212  198  205  183   68
  217  219  217  217  215  217  215  217  216  218  214  213  211  215  217  217  217  212  207  204  202  190   70
  210  210  210  211  211  212  213  213  214  214  214  203  204  209  210  210  207  203  197  203  193  191   80
  198  198  198  190  191  191  191  191  192  192  192  201  203  206  208  208  205  203  197  187  180  184   88
  183  183  183  184  184  184  184  183  183  183  185  189  191  195  196  197  198  195  192  188  181  178   81
  177  177  177  176  176  176  176  176  176  176  176  175  176  182  185  187  187  182  176  171  161  170   79
  171  171  171  170  170  170  170  170  170  170  168  166  168  173  177  182  181  175  168  164  155  162   81
  166  166  166  165  165  165  165  165  165  165  163  161  162  168  171  177  175  169  162  157  151  154   83
  159  161  159  161  159  161  159  161  159  161  157  156  158  163  166  170  168  165  158  150  149  144   88
  154  156  154  156  154  156  154  156  154  156  153  150  150  155  161  162  161  157  150  147  144  131   90
  150  150  150  151  151  151  151  151  151  151  149  143  143  149  152  156  154  149  143  140  137  115   89
  145  145  145  146  146  146  146  146  146  146  142  136  136  141  145  148  147  141  136  132  128   97   85
  139  139  139  140  140  140  140  140  140  140  137  129  129  135  136  140  138  133  128  121  118   85   82
  133  133  133  134  134  134  134  134  134  134  130  128  125  129  132  133  131  128  124  116   89   83   85
  130  130  130  129  129  129  129  129  129  129  126  118  118  125  128  129  126  121  115   95   76   78   84
  123  123  123  122  122  122  122  122  122  122  120  112  112  120  124  124  118  109  100   81   69   79   89
  116  116  116  118  118  118  118  118  118  118  115  108  109  116  116  113  105   93   86   80   74   87   96
  111  111  111  112  112  112  112  112  112  112  110  104  103  106  104  102   96   87   81   84   78   92   97
  107  107  107  106  106  106  106  106  106  106  105   97   96   97   97   98   95   90   86   83   76   91   97
  102  102  102  101  101  101  101  101  101  101   99   93   92   94   96   96   96   93   89   84   78   93  102
   96   96   96   97   97   97   97   97   97   97   95   95   94   98   99  100   98   94   91   92   88  103  109
  102  102  102  102  102  102  102  102  102  102  102  100  100  102  104  105  104  102  100   99  103  104  117
  103  103  103  103  103  103  103  103  103  103  103  103  103  105  105  105  105  103  103  102  108  110  121
  104  104  104  104  104  104  104  104  104  104  104  104  105  105  105  105  104  102  102  101  109  111  125
  104  104  104  104  104  104  104  104  104  104  104  106  106  106  106  104  102  100  100   99  109  114  125
  106  106  106  106  106  106  106  106  106  106  106  108  108  106  104  103  101   97   97   97  109  116  127
  108  108  108  108  108  108  108  108  108  108  108  110  110  110  107  105  101  100   98   98  110  120  131
  114  114  114  114  114  114  114  114  114  114  114  116  114  114  112  109  105  102  102  102  115  125  136
  122  122  122  122  122  122  122  122  122  122  122  124  124  122  120  116  113  109  109  108  122  131  144
  132  132  132  132  132  132  132  132  132  132  132  135  135  133  131  129  126  122  122  120  126  142  157
  147  148  148  146  146  146  146  146  146  146  146  147  147  147  145  143  141  138  138  136  138  149  162
  165  165  166  165  165  165  165  165  165  165  165  166  166  166  166  166  164  162  161  157  159  166  177
  162  162  163  165  165  165  165  165  165  165  165  164  164  166  166  168  168  166  164  161  162  166  172
  184  185  185  187  187  187  187  187  187  187  186  185  185  187  190  192  194  192  190  188  185  187  189
  226  229  227  228  226  228  226  228  226  228  224  222  222  227  230  234  236  236  232  228  224  221  220
  238  240  238  239  237  239  237  239  237  239  235  232  232  238  243  247  248  248  245  239  234  230  227
  239  239  239  240  240  240  240  240  240  240  239  236  236  241  245  248  250  250  247  241  240  236  234
  240  240  240  240  240  240  240  240  240  240  240  238  238  240  242  242  243  243  242  240  240  238  238
  238  238  238  238  238  238  238  238  238  238  238  238  238  238  238  238  238  238  238  238  238  238  238

  Columns 93 through 100

  184  181  187  188  178  173  173  173
  186  187  192  190  178  173  173  173
  179  180  185  183  179  175  175  175
  179  184  189  190  180  176  176  176
  165  170  180  186  180  178  178  178
  144  151  163  172  179  179  179  179
  124  147  169  178  181  181  181  181
   84  129  162  176  179  181  181  181
   78  155  143  177  182  184  184  184
   64  147  151  180  180  184  184  184
   68  146  157  170  182  186  186  186
   79  146  160  169  183  187  187  187
   81  140  160  185  185  189  189  189
   88  143  154  190  186  190  190  190
   97  157  153  186  188  192  192  192
   87  163  156  193  190  192  192  192
   96  155  169  190  195  195  195  195
   96  156  173  196  195  195  195  195
   97  157  176  200  197  197  197  197
   99  157  176  201  198  198  198  198
  101  157  176  199  200  200  200  200
  101  160  176  198  201  201  201  201
  102  164  180  197  203  203  203  203
  102  165  181  198  203  203  203  203
  116  159  179  198  206  206  206  206
  116  159  181  202  206  206  206  206
  119  159  181  205  208  208  208  208
  120  159  181  205  209  209  209  209
  120  155  182  208  211  211  211  211
  119  157  183  210  212  212  212  212
  124  161  185  209  214  214  214  214
  133  164  184  206  212  214  214  214
  140  159  181  209  214  216  216  216
  145  161  182  209  212  216  216  216
  146  163  184  213  216  218  218  218
  149  166  187  216  217  219  219  219
  151  167  190  217  219  221  221  221
  153  170  193  220  222  222  222  222
  159  174  197  224  224  224  224  224
  163  178  198  226  224  224  224  224
  168  177  203  232  227  227  227  227
  170  176  201  227  227  227  227  227
  182  190  210  233  229  229  229  229
  180  188  207  225  230  230  230  230
  195  201  217  228  232  232  232  232
  222  227  235  240  233  233  233  233
  227  229  233  232  235  235  235  235
  235  237  239  236  235  235  235  235
  238  238  238  238  238  238  238  238
  238  238  238  238  238  238  238  238

