
lena_bmp =

  Columns 1 through 23

  129  129  129  129  129  129  129  129  129  129  129  129   86   86   86   86   86   86   86   86   86   86   86
  129  129  129  129  129  129  129  129  129  129  129  129   86   86   86   86   86   86   86   86   86   86   86
  129  129  129  129  129  129  129  129  129  129  129  129   86   86   86   86   86   86   86   86   86   86   86
  129  129  129  129  129  129  129  129  129  129  129  129   86   86   86   86   86   86   86   86   86   86   86
  129  129  129  129  129  129  129  129  129  129  129  129   86   86   86   86   86   86   86   86   86   86   86
  129  129  129  129  129  129  129  129  129  129  129  129   86   86   86   86   86   86   86   86   86   86   86
  129  129  129  129  129  129  129  129  129  129  129  129   86   86   86   86   86   86   86   86   86   86   86
  129  129  129  129  129  129  129  129  129  129  129  129   86   86   86   86   86   86   86   86   86   86   86
  129  129  129  129  129  129  129  129  129  129  129  129   86   86   86   86   86   86   86   86   86   86   86
  129  129  129  129  129  129  129  129  129  129  129  129   86   86   86   86   86   86   86   86   86   86   86
  129  129  129  129  129  129  129  129  129  129  129  129   86   86   86   86   86   86   86   86   86   86   86
  129  129  129  129   86   86  129  129  129  129  129  129   86   86   86   86   86   86   86   86   86   86   86
  129  129  129  129   86   86  129  129  129  129  129  129   86   86   86   86   86   86   86   86   86   86   86
  129  129  129   86   86   86  129  129  129  129  129  129   86   43   86   86   86   86   86   86   86   86   86
  129  129   86   86   86   86  129  129  129  129  129  129   86   43   86   86   86   86   86   86   86   86   86
  129  129   86   86   86   86  129  129  129  129  129  129   86   86   86   86   86   86   86   86   86   86   86
  129   86   86   86   86   86  129  129  129  129  129  129   86   86   86   86   86   86   86   86   86   86   86
  129   86   86   86   86   86  129  129  129  129  129  129   86   86   86   86   86   86   86   86   86   86   86
   86   86   86   86   86   86  129  129  129  129  129  129   86   86   86   86   86   86   86   86   86   86   86
   86   86   86   86   86   86  129  129  129  129  129  129   86   43   86   86   86   86   86   86   86   86   86
   86   86   86   86   86   86  129  129  129  129  129  129   86   86   86   86   86   86   86   86   86   86   86
   86   86   86   86   86   86  129  129  129  129  129  129   86   86   86   86   86   86   86   86   86   86   86
   86   86   86   86   86   86  129  129  129  129  129  129   86   43   86   86   86   86   86   86   86   86   86
   86   86   86   86   86   86  129  129  129  129  129  129   86   43   86   86   86   86   86   86   86   86   86
   86   86   86   86   86   86  129  129  129  129  129  129   86   43   86   86   86   86   86   86   86   86   86
   86   86   86   86   86   86  129  129  129  129  129  129   86   86   86   86   86   86   86   86   86   86   86
   86   86   86   86   86   86  129  129  129  129  129  129   86   86   86   86   86   86   86   86   86   86   86
   86   86   86   86   86   86  129  129  129  129  129  129   86   86   86   86   86   86   86   86   86   86   86
   86   86   86   86   86   86  129  129  129  129  129  129   86   86   86   86   86   86   86   86   86   86   86
   86   86   86   86   86   86  129  129  129  129  129  129   86   86   86   86   86   86   86   86   86   86   86
   86   86   86   86   86   86  129  129  129  129  129  129   86   86   86   86   86   86   86   86   86   86   86
   86   86   86   86   86   86  129  129  129  129  129  129   86   86   86   86   86   86   86   86   86   86   86
   86   86   86   86   86   86  129  129  129  129  129  129   86   86   86   86   86   86   86   86   86   86   86
   86   86   86   86   86   86  129  129  129  129  129  129   86   43   86   86   86   86   86   86   86   86   86
   86   86   86   86   86  129  129  129  129  129  129  129   86   43   86   86   86   86   86   86   86   86   86
   86   86   86   86   86  129  129  129  129  129  129  129   86   43   86   86   86   86   86   86   86   86   86
   86   86   86   86   86  129  129  129  129  129  129  129   86   86   86   86   86   86   86   86   86   86   86
   86   86   86   86   86  129  129  129  129  129  129  129   86   43   86   86   86   86   86   86   86   86   86
   86   86   86   86   86   86  129  129  129  129  129  129   86   43   86   86   86   86   86   86   86   86   86
   86   86   86   86   86   86  129  129  129  129  129  129   86   43   86   86   86   86   86   86   86   86   86
   86   86   86   86   86   86  129  129  129  129  129  129   86   43   86   86   86   86   86   86   86   86   86
   86   86   86   86   86   86  129  129  129  129  129  129   86   43   86   86   86   86   86   86   86   86   86
   86   86   86   86   86   86  129  129  129  129  129  129   86   43   86   86   86   86   86   86   86   86   86
   86   86   86   86   86   86  129  129  129  129  129  129   86   43   86   86   86   86   86   86   86   86   86
   86   86   86   86   86   86  129  129  129  129  129  129   86   43   86   86   86   86   86   86   86   86   86
   86   86   86   86   86   86  129  129  129  129  129  129   86   86   86   86   86   86   86   86   86   86   86
   86   86   86   86   86   86  129  129  129  129  129  129   86   86   86   86   86   86   86   86   86   86   86
   86   86   86   86   86   86  129  129  129  129  129  129   86   86   86   86   86   86   86   86   86   86   86
   86   86   86   86   86   86  129  129  129  129  129  129   86   86   86   86   86   86   86   86   86   86   86
   86   86   86   86   86   86  129  129  129  129  129  129   86   86   86   86   86   86   86   86   86   86   86
   86   86   86   86   86   86  129  129  129  129  129  129   86   86   86   86   86   86   86   86   86   86  129
   86   86   86   86   86   86  129  129  129  129  129  129   86   43   86   86   86   86   86   86   86  172  129
   86   86   86   86   43   86  129  129  129  172  129  129   86   86   86   86   86   86   86   86   43  129  129
   86   86   86   86   43   86  129  129  129  172  129  129   86   86   86   86   86   86   43   43   86  129  172
   86   86   86   86   43   86  129  129  129  172  129  129   86   86   86   86   86   86   86  129  129   86   86
   86   86   86   86   43   86  129  129  172  172  129  129   86   86   86   86   86   86  129  129   86   86   43
   86   86   86   86   43   86  129  129  129  172  129  129   86   86   86   86   86   86  129  129   86   43   43
   86   86   86   43   43   86  129  129  129  172  129  129   86   86   86   86  129  129   86   86   43   43   43
   86   43   43   43   43   86  129  129  129  129  129  129   86   86   86   86   86   86   86   86   86   86   86
   43   43   43   43   43   86  129  129  129  129  129  129   86   86   86   86   86   86   86   86   86   86   43
   86   86   43   43   43   86  129  129  129  129  129  129   86   43   86   86   86   86   86   86   86   43   86
   86   86   43   43   43   43  129  129  129  129  129  129   86   43   86   86   86   86   86   86   86   86   86
   86   86   43   43   43   86  129  129  129  129  129  129   86   86   86   86   86   86   86   86   43   86   86
   86   86   43   43   43   86  129  129  129  129  129  129   86   86   86   86   86   86   86   86   43   86   86
   86   43   43   43   43   86  129  129  129  129  129  129   86   86   86   86   86   43   86   43   86   43   86
   43   43   43   43   43   86  129  129  129  129  129  129   86   86   86   86  129   43   43   86   86   43   43
   43   43   43   43   43   86  129  129  129  129  129  129   86   43   86   86   86   43   86   43   43   43   43
   43   43   43   43   43   86  129  129  129  129  172  129   86   43   86   86   86   43   86   43   43   43   86
   43   43   43   43   43   86  129  129  129  129  129  129   86   86   86   86  129   43   43   43   43   43   86
   43   43   43   43   86   86  129  129  129  172  129  129   86   86   86   86   86   43   43   43   43   43   86
   43   43   43   43   86   86  129  129  129  172  129  129   86   43   86   86   86   86   43   43   86   86   86
   43   43   43   43   86   86  129  129  129  172  129  129   86   43   86   86   43   86   43   43   43   43  129
   43   43   43   43   86   86  129  129  129  129  129  129   86   43   86   86   43   86   43   43   43   43  129
   43   43   43   43   86   86  129  129  129  129  129  129   86   43   86   86   43   86   43   43   43   43   86
   43   43   43   43   86   86  129  129  129  129  129  129   86   43   86   43   43   86   43   43   43   43  129
   43   43   43   43   86   86  129  129  129  129  129  129   86   86   86   86   43   43   43   43   43   43  129
   43   43   43   43   43   86  129  129  129  129  129  129  129  129   43   86   43   86   43   43   43   43   86
   86   43   43   43   43   86  129  129  129  129  129  129  129   43   86   43   43   43   43   43   86   43   43
  129   86   86   43   43   43   86  129  129  129  129  129   86   86   86   43   43   43   86   43   86   86   43
  129  129   86   86   43   43   86  129  129  129  129  129  129   86   43   43   43   43   86   86   86   43   43
   86  129  129  129   86   43   86  129  129  129  129  129  172   86   43   43   43   43   43   43   43   43   43
   86  129  129  129   86   43   86  129  129  129  129  129  129   86   43   43   43   43   43   43   86   43   43
   43   86  129  129   86   43   86  129  129  129  129  129  129   86   43   43   43   43   43   43   86   43   43
   43   86  129  129   86   43   86  129  129  129  129  129   86   86   43   43   43   43   43   43   86   43   43
   43   43  129  129   86   43   86  129  129  129  172  129  129   43   43   43   43   43   43   43   86   43   43
   43   43  129  129   86   43   86  129  129  129  172  129  129   43   43   43   43   43   43   86   86   43   43
   43   43  129  129  129   43   86  129  129  129  129  129  129   43   43   43   43   43   43   43   86   43   43
   43   43  129  129  129   43   86  129  129  129  129  129  129   43   43   43   43   43   43   43   43   43   43
   43   43  129  129  129   43   86  129  129  129  129  129  129   43   43   43   43   43   43   43   43   43   43
   43   43   86  129  129   43   86  129  129  129  129  129  129   86   43   43   43   43   43   43   43   43   43
   43   43   86  129  129   43   86  129  129  129  129  129  129   86   43   43   43   43   43   43   43   43   43
   43   43   86  129  129   86   86  129  129  129  129  129   86   86   43   43   43   43   43   43   43   43   43
   43   43   86  129  129   86   86  129  129  129  172  129   86   86   43   43   43   43   43   43   43   43   43
   86   86   86  129  129   86   86  129  129  129  172  129   86   86   43   43   43   43   43   43   43   43   43
   86   86  129  129  129   86   86  129  129  129  172  129   86   86   43   43   43   43   43   43   43   43   43
   43   86   86  129  129   86   86  129  129  129  172  129   86   43   43   43   43   43   43   43   43   86   43
   43   86   86  129  129  129   86  129  129  172  172  129   86   43   43   43   43   43   43   43   43   86   43
   43   43   86  129  172  129   86  129  129  172  172  129   86   43   43   43   43   43   43   43   43   86   43
   43   43   43  129  172  172   86  129  129  129  172  129   86   43   43   43   43   43   43   43   43   86   43
   43   43   43  129  172  172   86  129  129  172  172  129   43   43   43   43   43   43   43   43   86   86   43

  Columns 24 through 46

   86   86  129  129  129  129  129  129  129  129  129  129  129  129  129  129  129  129  129  129  129  129  129
   86   86  129  129  129  129  129  129  129  129  129  129  129  129  129  129  129  129  129  129  129  129  129
   86   86   86  129  129  129  129  129  129  129  129  129  129  129  129  129  129  129  129  129  129  129  129
   86   86   86  129  129  129  129  129  129  129  129  129  129  129  129  129  129  129  129  129  129  129  129
   86   86   86  129  129  129  129  129  129  129  129  129  129  129  129  129  129  129  129  129  129  129  129
   86   86   86   86  129   86  129  129  129  129  129  129  129  129  129  129   86   86   86   86   86   86   86
   86   86   86   86  129   86   86  129  129  129  129  129  129  129  129  129   86   86   86   86   86   86   86
   86   86   86   86   86   86   86   86  129  129  129  129  129  129  129   86   86   86   86   86   86   86   86
   86   86   86   86   86   86   86  129   86   86  129  129  129   86  129   86   86   86   86   86  129  129   86
   86   86   86   86   86   86  129  129  129   86  129  129  129   86   86  129  129  129  129  129  129  129  172
   86   86   86   86   86  129   86  129  129   86  129  129   86  129  129  129  129  129  129  129  129  172  129
   86   86   86   86   86   86   86   86   86  129  129  129   86  129  129  129  129  129  129  129  129  129  129
   86   86   86   86   86   86   86  129  129  129   86   86   86  129  129  129  129  129  129  129  129  129  129
   86   86   86   86   86   86   86  129   86   86   86   86   86  129  129  129  129  129  129  129  129  129  129
   86   86   86   86   86   86  129   86   86   86   86   86   86   86  129  129  129  129  129  129  129  129  129
   86   86   86   86   86   86  129   86   86   86   86   86   86   86  129  129  129  129  129  129  129  129  129
   86   86   86   86   86   86   86   86   86   86   86   86   86   86   86  129  129  129  129  129  129  129  129
   86   86   86   86   86   86   86   86   86   86   86   86   86   86  129  129  129  129  129  129  129  129  129
   86   86   86   86   86   86   86   86   86   86   86   86   86  129  129  129  129  129  129  129  129  129  129
   86   86   86  129   86   86   86   86   86   86   86   86  129  129  129  129  129  129  129  129  129  129  129
   86   86  129   86   86   86   86   86   86   86   86  129  129  129  129  129  129  129  129  129  129  129  172
   86   86  129   86   86   86   86   86   86   86   86   86  129  129  129  129  129  129   86  129  129  172  172
   86   86  129   86   86   86   86   86   86   86  129  129  129  129  129  129   86   86  129  129  172  172  172
   86  129  129   86   86   86   86   86   86   86  129  129   86  129  129   86   86  129  129  129  129  129  129
   86  129  129   86   86   86   86   86   86  129   86   86  129   86   86   86  129  129  129  129  129  129  172
   86  172  129   86   86   86   86   86   86   86   86  129  129   86   86  129  129  129  129  129  172  172  172
   86  172   86   86   86   86   86   86   86   86   86   86   86   86  129  129  129  129  129  129  129  172  129
   86  172  129   86   86   86   86   86   86   86   86   86   86  129  129  129  129  129  129  129  129  129  129
  129  172  129   86   86   86   86   86   86   86   86   86  129  129  129  129  129  129  129  129  129  129  129
  129  172  129   86   86   86   86   86   86   86   86  129  129  129  129  129  129  129  129  129  129  129  129
  129  172  129  129   86   86   86   86   86   86  129  129  129   86  129  129  129  129  129  129  129  129  129
  129  172  129  129  129   86   86   86   86  129  129  129   86  129  129  129  129  129  129  129  129  129  129
  172  172  129  129  129   86   86   86  129  129  129   86  129  129  129  129  129  129  129  129  129  129  129
  172  172  129  129  129  129   86  129  129  129   86  129  129  129  129  129  129  129  129  129  129   86  129
  172  172  129  129  129  129   86   86   86   86  129  129  129   86  129  129  129  129  129   86  129   86   86
  129  172  172  129  129  129   86   86   86  129  129  129   86  129  129  129  129  129   86   86   86   86   86
  129  172  172  129  129  129   86   86   86  129  129   86  129  129  129  129  129   86  129   86   86   86   43
   86  172  172  129  129  129   86   86  129  129   86   86  129   86  129  129   86  129   86   43   86   43   43
   86  172  172  172  129  129   86  129  129   86   86   86   86  129   86   86   86   86   43   43   43   43   43
   86  129  172  129  129   86  129   86   86   86   86   86  129  129   86   86   43   86   43   43   86   43   86
   86   86  172  172  172  129   86   86   86  129   86   86   86   86   86   86   86   43   43   43   43   43   43
   86   86  129  172  172  129   86   86   86   86   86   86   86   86   43   43   86   43   43   43   86   43   43
   86   86  129  172  129   86   86   86   86  129  129   86   43   43   43   43   43   43   43   43   86   86   43
   86   86  129  172  129   86   86   86   86   86   86   86   43   43   43   43   43   43   43   43   43   86   43
   86   86   86  172   86   86   86   86  129   86   43   43   43   43   43   43   43   43   43   86   43   86   43
   86   86   86  129  129   86  129  129   86   43   43   43   43   43   43   43   43   43   43   43   43   86   43
   86   86   86   86   86   86  129   86   86   43   43   43   43   43   43   43   43   43   43   43   43   43   86
   86   86  129   86  129   86   86   86   43   43   43   43   43   43   43   43   43   43   43   43   43   86   86
   86  129   86   43   86  129   86   43   86   43   86   43   43   43   43   43   43   43   43   43   43   86  129
  129  129  129   86   86   86   43   43   86   86   43   43   43   43   86   43   43   43   43   43   86  129  129
  129  129  129   86   43   43   43   86   43   86   43   43   43   43   43   86   43   43   43   86  129  129  172
  129  129   86   43   43   86   43   43   86   86   43   43   43   43   43   43   43   43   43   86  129  129  172
  129   86   43   43   86   43   43   43   86   86   43   43   43   43   43   43   43   43   86  129  129  172  172
   86   43   43   86   43   43   86   86   86   86   43   43   43   43   43   43   43   43   86  129  172  172  129
   43   43   86   86   43   43   86   43   86   86   86   43   43   43   43   43   43   86  129  129  172  129   86
   43   43   86   86   43   43   43   86   86   86   86   43   43   43   43   43   86   86  129  172  129   86   86
   86   86   86   86   43   43   86   86   86   86   86   43   43   43   43   43   86  129  172  129   43   86   86
   86   86   86   43   43   43   43   86   86   43   86   86   43   43   43   86   86  172  172   43   86   86   86
   43   86   43   43   43   43   43   43   43   43   86   86   43   43   43   86  129  172   86   43   86   86  129
   43   86   86   43   43   43   43   43   43   43   86   86   86   43   86   86  172  129   43   43   86   86  129
   86   86   86   43   43   43   43   86   43   86  129   86   43   43   86  129  172   43   43   43   86   86   86
   86   86   86   43   43   43   43   86   86   86   86   43   43   86   86  129   86   43   43   86   86   86   86
   86   86   86   86   43   43   43   86   43   86   43   43   43  129  129  129   43   43   43   86   86   86   86
   86   86   86   86   43   43   43   43   86   43   43   43   86  129  172   43   43   43   43   86   86   86   86
   86   86   86   86   43   86   86   43   86   43   86  129   86  129   86   43   43   43   43   86   86   86   86
   86   86   86   86   86   86   86   43   43  129  129   86   86  129   43   43   43   43   43   86   86   86   86
   43   86   43   86   86   86   43   43   86  129  129   86  129   43   43   43   43   43   43   86   86   86   86
   86   86   86   86   86   43   86  129  129  129   86   86   43   43   43   43   43   43   43   86   86   86   86
   86   86   86   86   86   86  129  129  172   86   86   86   43   43   43   43   43   43   43   86   86   86   86
   86   86   86   86   86   86  129  129  129   86  129   43   43   43   43   43   43   43   43   43   86   86   86
   86   86   86   86   86  129  129  129   86  129   43   43   43   43   43   43   43   43   43   43   43   86   86
   86   86   86   86   86   86   86  129  129   86   43   43   43   43   43   43   43   43   43   43   43   43   86
   86  129   86   86   86   86   86  172   86   43   43   43   43   43   43   43   43   43   43   43   43   43   43
   86   86   86   86   86   86   86  129   43   43   43   43   43   43   43   43   43   43   43   43   43   43   43
   43   86   86  129   86  129   86   86   43   43   43   43   43   43   43   43   43   43   43   43   43   43   43
   86   86   86   86   86  129  129  129   43   43   43   43   43   43   43   43   43   43   43   43   43   43   43
   86   86   43   86   86   86   86   86  129   43   43   43   43   43   43   43   43   43   43   43   43   43   43
   86   86   86  129   86   86   86   86  129   86   43   43   43   43   43   43   43   43   43   43   43   43   43
   86   86   86   86   86   86   86   86  129   43   86   43   43   43   43   43   43   43   43   43   43   43   43
   86   86   86   43   86   86  129  129   86   86   86   86   43   43   43   43   43   43   43   43   43   43   43
   43   86   43   43   86   86   86  129   86   86   86   86   43   43   43   43   43   43   43   43   43   86   43
   43   43   86   43   43   86   86   86  129   86   86   86   43   43   43   43   43   43   43   43   43   86   86
   43   43   43   86   86   86   86   86  129   86   43  129   43   43   43   43   43   43   43   43   43   86   86
   43   43   43   43   86   86   86   86  129   86   43  129   43   43   43   43   43   43   43   43   43   86   86
   43   43   43   43   86   86   43   86  129   86   43  129   43   43   43   43   43   43   43   43   86   86   86
   43   43   43   43   43   86   86   86  129   86  129   86   43   43   43   43   43   43   43   43   86   86   86
   43   43   43   43   43   43   86  129   86   86   86   86   86   86   43   43   43   43   43   86   86   86   86
   43   43   43   43   43   43   86   86   86   86   43   43   43   43   86   86   43   43   43   86   86  129   86
   43   43   43   43   86   43   86   86   86   86   86   43   43   43   43   43   43   43   86   86   86   86   86
   43   43   43   43   43   43   43   86   86   43  129   86   43   43   43   43   43   43   86   86   86   86   43
   43   43   43   43   86   86   43   43   43   86   86   43   43   43   43   43   43   43   86   86   86   86   86
   43   43   43   43   86   86   86   43   86   86   43   43   43   43   43   43   43   86   86   86   86   43   86
   43   43   43   43   43   86  129   86   86   86   43   43   43   43   43   43   43   86   86   86   43   43   86
   43   43   43   43   43   43   86  129   86   86   43   43   43   43   43   43   86   86   86   43   43   86  129
   43   43   43   43   43   43   43   86   86   43   43   43   43   43   43   86   86   86   43   43   86   86  129
   86   43   43   43   43   43   43   86   86   43   43   43   43   43   43   43   43   43   86   86   86   86  129
   86   86   43   86   43   86   43   86   86   43   43   43   43   43   43   43   86   86   86   86   86  129  129
   86   86   43   86   43   43   86   86   86   43   43   43   43   43   86   86   86   86   86   86  129  129  129
   86   86   86   43   86   43   86   43   86   86   43   43   43   86   86   86   86   86   86   86   86  129  129
   86   43   86   43   86   43   43   43   43   86   86   43   86   86   86   86   86   86   86   86  129  129  129

  Columns 47 through 69

  129  129  129  129  129  129  129  129  129  129  129  129  129   86   86   86   86   86  129  129  129  129  129
  129  129  129  129  129  129  129   86   86   86  129  129   86   86   86   86   86   86  129  129  129  129  129
  129  129  129  129  129  129  129  129   86  129   86  129  129   86   86   86   86   86  129  129  129  129  129
  129  129  129  129  129  129  129  129  129   86  129  129  129   86   86   86   86   86   86  129  129  129  129
  129  129  129  129  129  129  129  129   86   86   86   86   86   86   86   86   86   86   86  129  129  129  129
   86  129  129  129  129  129   86   86   86   86   86   86  129   86   86   86   86   86   86  129  129  129  129
   86   86  129  129  129  129   86   86   86   86   86   86   86   86   86   86   86   86   86  129  129  129  129
   86   86   86  129  129  129   86  129   86   86   86   86   86   86   86   86   86   86   86  129  129  129  129
   86   86   86   86   86   86   86   86  129   86   86   86   86   86   86   86   86   86   86  129  129  129  129
  129  129  129   86   86   86   86  129  129  129   86   86   86   86   86   86   86   86   86  129  129  129  129
  129  172  172  172  129  129   86   86   86   86   86   86   86   86   86   86   86   86   86  129  129  129  129
  129  172  172  172  172  172  129   86   86   86   86   86   86   86   86   86   86   86   86  129  129  129  129
  172  172  172  172  172  172  172  129   86   86   86   86   86   86   86   86   86   86   86  129  129  129  129
  172  172  172  172  172  172  172  172  172  129   86   86   86   86   86   86   86   86   86  129  129  129  129
  172  172  172  172  172  172  172  172  172  172  129   86   86   86   86   86   86   86   86  129  129  129  129
  172  172  172  172  172  172  172  172  172  172  172  172   86   86   86   86   86   86   86  129  129  129  129
  172  172  172  172  172  172  172  172  172  172  172  172  172   86   86   86   86   86   86  129  129  129  129
  129  129  129  172  172  172  172  172  172  172  172  172  172  129   86   86   86   86   86   86  129  129  129
  129  129  172  172  172  172  172  172  172  172  172  172  172  172  129   86   86   86   86  129  129  129  129
  172  172  172  172  172  172  172  172  172  172  172  172  172  172  172  129   86   86   86   86  129  129  129
  172  172  172  172  172  172  172  172  172  172  172  172  172  172  172  172  129   43   86   86  129  129  129
  172  172  172  172  172  172  172  172  172  172  172  172  172  172  172  172  172   86   86   86  129  129  129
  172  172  172  172  172  172  172  172  172  172  172  172  172  172  172  172  172  172   43   86  129  129  129
  172  172  172  172  172  172  172  172  172  172  172  172  172  172  172  172  172  172   86   86  129  129  129
  129  172  172  172  172  172  172  172  172  172  172  172  172  172  172  172  172  172  172   86  129  129  129
  172  172  172  129  172  172  172  172  172  172  172  172  172  172  172  172  172  172  172  129  129  129  129
  129  172  129  172  172  172  172  172  172  172  172  129  172  172  172  172  172  172  172  172  129  129  129
  129  129  129  129  172  129  172  172  172  172  172  172  172  172  172  172  172  172  172  172  172  129  129
  129  129  129  129  129  129  172  172  129  172  172  172  172  172  172  172  172  172  172  172  172  172  172
  129  129  129  129  129  129  129  172  172  172  172  172  172  172  129  129  172  129  129  172  172  172  172
  129  129  129  129  129  129  129  129  129  172  172  172  172  129  172  129  129  129  172  172  172  172  172
  129  129  129  129  129  129  129  129  129  129  129  129  129  129  129  129  129  172  172  172  172  172  172
  129  129  129  129  129  129  129  129  129  129  129  129  129  129  129  172  172  172  172  172  172  172  172
  129  129   86  129  129  129  129  129  129  129  129  129  129  129  172  172  172  172  172  172  172  172  172
   86  129  129   86   86   86   86   86   86   86   43  129  129  129  172  172  172  172  172  172  172  172  172
   86   86   86   86   86   86   43   43   43   43   86  129  172  172  172  172  172  172  172  172  172  172  172
   43   86   86   86   86   43   43   43   43   86  129  172  172  172  172  172  172  172  172  172  172  172  172
   86   86   43   86   86   43   43   43  129  129  172  172  172  172  172  172  172  172  172  172  172  172   86
   86   43   86   86   43   43   86  129  129  172  172  172  172  172  172  172  172  172  172  172   86   86   86
   43   43   43   86   86   43  129  129  172  172  172  172  172  129  129  172  172  172  172   86   43   86   86
   43   43   43   86   86   86   86  172  172  172  172  129  129  129  172  172  172  172  172  129   86   86   86
   43   43   43   86   86   86  129  172  172  129  129  129  129  129  129  172  172  172  172  172   86   43   86
   43   43   43   86   86  129  172  172  172  129  129  129  129  129  172  172  172  172  172  172  129   43   43
   43   43  129  129  129  129  172  172  129  129  129  129  129  172  172  172  172  172  172  172  129   86   43
   43  129  129  129  129  129  172  172  129  129  129  129  129  172  172  172  172  172  172  172  129   86   43
   86  129  129  172  129  129  172  129  129  129  129  129  172  172  172  172  172  172  172  172  172   86   43
  129  129  129  172  172  129  129  129  129  129  129  129  172  172  172  172  172  172  172  172  172  129   43
  129  129  129  172  172  129   86  129  129  129  129  129  129  172  172  172  172  172  172  172  172  129   43
  129  129  129  172  129   86   86   86   86   86  129  129  129  129  172  172  172  172  172  172  129   86   43
  172  129  172  129   86  129   86  129   86   86   86  129  129  129  172  172  172  172  129   86   86   86   86
  172  172   86   43   43   43   43   43   43   86   86   86  129  129  172  172  172  129   86   43   43   43   43
  172  129   43   43   43   43   43  129   86   43   86   86  129  129  172  172  129   43   43   86   43   43   43
  129   86   86   43   86   43   86  172  172   86   86   86  129  129  172  172   86   86   86  129   86   43   43
   86  129  129   86   86   86  129  172  129  129   86   86  129  129  172  172   86   86  129  129   86   43   43
  129  129  129  129  129   86  129  129  129  129   86  129  129  129  172  172  129  129   86   86   86   86   43
  129  129  129  129  129  129  129  129  129  129  129  129  129  129  172  172  129  129  129   86   86   86   43
  129  129  129  129  129  129  129  129  129  129  129  129  129  129  172  172  129  129  129  129   86   86   43
  129  129  129  129  129  129  129  129  129  129  129  129  129  129  172  172  129  129  129  129   86   86   43
  129  129  129  129  129  172  129  129  129  129  129  129  129  129  172  172  129  129  129  129   86   86   43
  129  129  129  129  129  129  129  129  129  129  129  129   86  129  129  172  129  129  129  129   86   86   43
  129  129  129  129  129  129  129  129  129  129  129  129   86  129  129  172  172  129  129  129   86   43   43
  129  129  129  129  129  129  129  129  129  129   86  129  129   86  129  172  172  129  129  129   86   43   43
  129  129  129  129  129  129  129  129  129  129   86  129  129   86  129  172  172  129  129  129   86   43   43
  129  129  129  129  129  129  129  129  129  129   86   86   86   86   86  129  129  129  129   86   43   43   43
   86  129  129  129  129  129  129  129  129  129  129  129  129  129  129  172  129  129  129   86   43   43   43
  129  129  129  129  129  129  129  129  129  129  129  129  129  129  172  172  129  129  129   43   43   43   43
  129  129  129  129  129  129  129  129  129  129  129  129  172  172  172  172  129  129   86   43   43   43   43
  129  129  129  129  129  129  129  129  129  129  129  129  129  129  129  129  129  129   43   43   43   43   43
  129  129  129  129  129  129   86   86   86   86   86   86   86   86   86   86  129   86   43   43   43   43   43
   86   86  129  129  129  129  129   86   86   86  129  129  129  172  129  129  129   43   43   43   43   43   43
   86   86   86  129  129  129  129  129   86   86  129  129  129  129  129  129   86   43   43   43   43   43   43
   86   86   86  129  129  129  129  129  129  129   86   86  129  129  129   86   43   43   43   43   43   43   86
   86   86   86   86  129  129  129  129  129  129  129  129  129  129  129   86   43   43   43   43   43   43   86
   43   86   86   86  129  129  129  129  129  129  129  129  129  129  129   43   43   43   43   43   43   43   86
   43   43   86   86   86  129  129  129  129  129  129  129  129  129   86   43   43   43   43   43   43   43   86
   43   43   86   86   86   86   86  129  129  129  129  129  129  129   86   43   43   43   43   43   43   43   86
   86   86   86   86  129  129  129  129  129  129  129  129  129  172  172  129   86   43   43   43   43   43   86
   86   86   86   86   86  129  129  129  129  129  129  129  129  172  172  172  172  129   86   43   43   43   86
   43   86   86   86   86  129  129  129  129  129  129  129  129  172  172  172  172  172  172  129   43   43   86
   43   86   86   86   86  129  129  129  129  129  129  129  129  172  172  172  172  172  172  172  172   86   43
   43   86   86   86  129  129  129  129  129  129  129  129  129  129  172  172  172  172  172  172  172  172   86
   43   86   86  129  129  129  129  129  129  129  129  129  129  129  129  172  172  172  172  172  172  172  172
   43   86   86  129  129  129  129  129  129  129  129  129  129  129  129  172  172  172  172  172  172  172  172
   43   86   86  129  129  129  129  129  129  129  129  129  129  129  129  129  172  172  172  172  172  172  172
   43   86  129  129  129  129  129  129  129  129  129  129  129  129  129  129  172  172  172  172  172  172  172
   43   86  129  129  129  129  129  129  129  129  129  129  129  129  129  129  172  172  172  172  172  172  172
   43   86  129  129  129  129  129  129  129  129  129  129  129  129  129  129  129  172  172  172  172  172  172
   86   86  129  129  129  129  129  129  129  129  129  129  129  129  129  129  129  172  172  172  172  172  172
   86  129  129  129  129  129  129  129  129  129  129  129  129  129  129  129  129  129  172  172  172  172  172
   86  129  129  129  129  129  129  129  129  129  129  129  129  129  129  129  129  129  172  172  172  172  172
   86  129  129  129  129  129  129  129  129  129  129  129  129  129  129  129  129  129  172  172  172  172  172
  129  129  129  129  129  129  129  129  129  129  129  129  129  129  129  129  129  129  129  172  172  172  172
  129  129  129  129  129  129  129  129  129  129  129  129  129  129  129  129  129  129  129  172  172  172  172
  129  129  129  129  129  129  129  129  129  129  129  129  129  129  129  129  129  129  129  129  172  172  172
  129  129  129  129  129  129  129  129  129  129  129  129  129  129  129  129  129  129  129  129  172  172  172
  129  129  129  129  129  129  129  129  129  129  129  129  129  129  129  129  129  129  129  129  129  172  172
  129  129  129  129  129  129  129  129  129  129  129  129  129  129  129  129  129  129  129  129  129  172  172
  129  129  129  129  129  129  129  129  129  129  129  129  129  129  129  129  129  129  129  129  129  172  172
  129  129  129  129  129  129  129  129  129  129  129  129  129  129  129  129  129  129  129  129  129  129  172
  129  129  129  129  129  129  129  129  129  129  129  129  129  129  129  129  129  129  129  129  129  129  172

  Columns 70 through 92

  129  129  129  129  129  129  129  129  129  129  172  172  172  129   86   86   86   86   86   86   86   86   86
  129  129  129  129  129  129  129  129  129  129  172  172  172  172   86   86   86   86   86   86   86   86   86
  129  129  129  129  129  129  129  129  129  129  129  172  172  172  129   86   86   86   86   86   86   86   86
  129  129  129  129  129  129  129  129  129  129  129  172  172  172  172   86   86   86   86   86   86   86   86
  129  129  129  129  129  129  129  129  129  129  129  129  172  172  172  129   86   86   86   86   86   86   86
  129  129  129  129  129  129  129  129  129  129  129  129  129  172  172  172  129   86   86   86   86   86   86
  129  129  129  129  129  129  129  129  129  129  129  129  129  172  172  172  172   86   86   86   86   86   86
  129  129  129  129  129  129  129  129  129  129  129  129  129  129  172  172  172  129   86   86   86   86  129
  129  129  129  129  129  129  129  129  129  129  129  129  129  129  172  172  172  172   86   86   86   86   86
  129  129  129  129  129  129  129  129  129  129  129  129  129  129  129  172  172  172  129   86   86   86   43
  129  129  129  129  129  129  129  129  129  129  129  129  129  129  129  172  172  172  172  129   86   43   43
  129  129  129  129  129  129  129  129  129  129  129  129  129  129  129  129  172  172  172  129   43   43   43
  129  129  129  129  129  129  129  129  129  129  129  129  129  129  129  129  129  172  172   86   43   43   43
  129  129  129  129  129  129  129  129  129  129  129  129  129  129  129  129  129  172  129   43   43   43   43
  129  129   86  129  129  129  129  129  129  129  129  129  129  129  129  129  129   86   43   43   43   43   43
  129  129   86   86  129  129  129  129  129  129  129  129  129  129  129  129  129   43   43   43   43   43   43
  129  129   86   43   86  129  129  129  129  129  129  129  129  129  129  129   43   43   43   43   43   43   43
  129  129   86   43   86   86  129  129  129  129  129  129  129  129  129   86   43   43   43   43   43   43   43
  129  129   86   43   43   86  129  129  129  129  129  129  129  129   86   43   43   43   43   43   43   43   43
  129  129   86   43   43   43   86  129  129  129  129  129  129  129   43   43   43   43   43   43   43   43   43
  129  129   86   43   43   43   86  129  129  129  129  129  129   86   43   43   43   43   43   43   43   43   43
  129  129   86   43   43   43   43   86  129  129  129  129   86   43   43   43   43   43   43   43   43   43   43
  129  129   86   43   43   43   43  129  172  172  172  172   86   43   43   43   43   43   43   43   43   43   43
  129  129   86   43   43   43  129  172  172  172  172  172  129   43   43   43   43   43   43   43   43   43   43
  129  129   86   43   86  172  172  172  172  172  172  172  129   43   43   43   43   43   43   43   43   43   86
  129  129   86  129  172  172  172  172  172  172  172  172  129   43   43   43   43   43   43   43   43   43  129
  129  129  172  172  172  172  172  172  172  172  172  172  129   43   43   43   43   43   43   43   43   86  129
  172  172  172  172  172  172  172  172  172  172  172  172   86   43   43   43   43   43   43   43   86  129  129
  172  172  172  172  172  172  172  172  172  172  172  172   86   43   43   43   43   43   43   43  129  129  129
  172  172  172  172  172  172  172  172  172  172  172  172   43   43   43   43   43   43   43   86  129  129  129
  172  172  172  172  172  172  172  129  129  129  172  129   43   43   43   43   43   43   43  129  129  129  129
  172  172  172  172  172  172  172  129  129  129  172   86   43   43   43   43   43   43   86  129  129  129  129
  172  172  172  172  172  172  129  129  129  129  172   43   43   43   43   43   43   86  129  129  129  129  129
  172  172  172  172  172  172  129   86   86  129  129   43   43   43   43   43   43   86  129  129  129  129  129
  172  172  172  172  172  129   86   86  129  172   43   43   43   43   43   43   86  129  129  129  129  129  129
  172  172  129   86   86   86   86  129  172   86   43   43   43   43   43   43   86  129  129  129  129  129  129
  172   86   86   86   86   86  129  172   86   43   43   43   43   43   43   43  129  129  129  129  129  129  129
   86   86   86  129  129  129  172   86   43   43   43   43   43   43   43   86  129  129  129  129  129  129  129
   86  129  129  129  129  172   86   43   43   43   43   43   43   43   43  129  129  129  129  129  129  129  129
   86  129  129  129  129   86   43   43   43   43   43   43   43   43   86  129  129  129  129  129  129  129  129
   86  129  129  129   43   43   43   43   43   43   43   43   43   43   86  129  129  129  129  129  129  129  129
   86  129  129   43   43   43   43   43   43   43   43   43   43   86  129   86  129  129  129  129  129  129  129
   86  129  129   43   43   43   43   43   43   43   43   43   43   86  129  129  129  129  129  129  129  129  129
   43  129  129   43   43   43   43   43   43   43   43   43   43  129  129  129  129  129  129  129  129  129  129
   43   86  129   43   43   43   43   43   43   43   43   43   86  129  129  129  129  129  129  129  129  129  129
   43   86  129   43   43   43   43   43   43   43   43   43   86  129  129  129  129  129  129  129  129  129  129
   43   43  129   43   43   43   43   43   43   43   43   86  129  129  129  129  129  129  129  129  129  129  129
   43   43  129   86   43   43   43   43   43   43   43   86  129  129  129  129  129  129  129  129  129  129  129
   43   43  129   86   43   43   43   43   43   43   43   86  129  129  129  129  129  129  129  129  129  129  129
   43   43   86   86   43   43   43   43   43   43   86  129  129  129  129  129  129  129  129  129  129  129  129
   43   43   86   86   43   43   43   43   43   43   86  129  129  129  129  129  129  129  129  129  129  129  129
   43   43   86   86   43   43   43   43   43   43   86  129  129  129  129  129  129  129  129  129  129  129  129
   43   43   86  129   86   43   43   43   43   43  129  129  129  129  129  129  129  129  129  129  129  129  129
   43   43   86  129   86   43   43   43   43   86  129  129  129  129  129  129  129  129  129  129  129  129  129
   43   43   86  129   86   43   43   43   43   86  129  129  129  129  129  129  129  129  129  129  129  129  129
   43   43   86  129   86   43   43   43   43  129  129  129  129  129  129  129  129  129  129  129  129  129  129
   43   43   43  129   86   43   43   43   86  129  129  129  129  129  129  129  129  129  129  129  129  129  129
   43   43   43  129   86   43   43   43   86  129  129  129  129  129  129  129  129  129  129  129  129  129  129
   43   43   43  129   86   43   43   43  129  129  129  129  129  129  129  129  129  129  129  129  129  129  129
   43   43   43  129   86   43   43   43  129  129  129  129  129  129  129  129  129  129  129  129  129  129  129
   43   43   43  129  129   43   43   86  129  129  129  129  129  129  129  129  129  129  129  129  129  129  172
   43   43   43  129  129   43   43   86  129  129  129  129  129  129  129  129  129  129  129  129  129  172  172
   43   43   43   86  129   43   43  129  129  129  129  129  129  129  129  129  129  129  129  129  129  172  172
   43   43   43   86  129   43   86  129  129  129  129  129  129  129  129  129  129  129  129  129  129  172  172
   43   43   43   86  129   86   86  129  129  129  129  129  129  129  129  129  129  129  129  129  172  172  172
   86   43   43   43  129   86  129  129  129  129  129  129  129  129  129  129  129  129  129  129  172  172  172
   43   43   43   43  129   86  129  129  129  129  129  129  129  129  129  129  129  129  129  129  172  172  172
   43   43   43   43  129   86  129  129  129  129  129  129  129  129  129  129  129  129  129  129  172  172  172
   43   43   43   43  129  129  129  129  129  129  129  129  129  129  129  129  129  129  129  129  172  172  172
   43   43   43   43   86  129  129  129  129  129  129  129  129  129  129  129  129  129  129  129  172  172  172
   43   43   43   43   86  129  129  129  129  129  129  129  129  129  129  129  129  129   86  129  172  172  172
   86   43   43   43   86  129  129  129  129  129  129  129  129  129  129  129  129  129   86  129  172  172  172
   86   43   43   43   86  129  129  129  129  129  129  129  129  129  129  129  129  129   86  129  172  172  172
   86   43   43   43   86  129  129  129  129  129  129  129  129  129  129  129  129  129   86  172  172  172  172
   86   86   43   43   86  129  129  129  129  129  129  129  129  129  129  129  129  129   86  172  172  172  172
   86   86   86   43   86  129   86   86  129  129  129  129  129  129  129  129  129   86  129  172  172  172  172
   86   86   86   43  129  129   86   86   86   86   86   86  129  129  129  129  129   86  129  172  172  172  172
   86   86   86   43  129  129  129  129   86   86   86   86   86   86   86   86   86   86  129  172  172  172  172
   86   43   43   43  129  129  129  129  129  129   86   86   86   86   86   86   86   86  129  172  172  172  172
   43   43   43   43  129  129  129  129  129  129  129  129   86   86   86   86  129   86  129  172  172  172  172
   43   43   43   43  129  129  129  129  129  129  129  129  129   86   86   86  129   86  172  172  172  172  172
   43   43   43   43  129  129  129  129  129  129  129  129  129  129   86   86  129  129  172  172  172  172  129
  129   43   43   43  129  129  129  129  129  129  129  129  129  129   86   86  129  129  172  172  172  172   86
  172   43   43   86  129  129  129  129  129  129  129  129  129  129   86  129  172  172  172  172  172  129   86
  172   86   43   86  129  129  129  129  129  129  129  129  129   86   86  172  172  172  172  172  172  129   86
  172  129   43   86  129  129  129  129  129  129  129  129  129   86  129  172  172  172  172  172  172   86   86
  172  172   43   86  129  129  129  129  129  129  129  129   86   86  129  172  172  172  172  172  129   86   86
  172  172   86   86  129  129  129  129  129  129  129  129  129  129  129  172  172  172  172  172   86   86   86
  172  172  129  129  129  129  129  129  129  129  129  129  129  129  129  129  172  172  172  129   86   86   86
  172  172  172  129   86   86   86  129  129  129  129  129  129  129  129  129  129  172  172  129   86   86   86
  172  172  172   86   86   86   86   86   86   86   86  129  129  129  129  129  172  172  172  129   86   86   86
  172  172  172  129   86   86   86   86   43   43   43   86   86  129  129  129  172  172  129   86   43   86   86
  172  172  172  172   86   86   86   86   86   43   43   43   43  129  172  129  172  172   86   43   43   86   86
  172  172  172  172   86   86   86   86   86   86   43   43   43  172  172  172  172  129   43   43   43   43   86
  172  172  172  172  129   86   86   86   86   86   86   43   86  129  172  172  129   43   43   43   43   86   86
  172  172  172  172  129   86   86   86   86   86   86   86   86  129  172   86   86   43   43   43   86   86   86
  172  172  172  172  172   86   86   86   86   86   86   86   86   86   86   86   86   86   43   86   86   86   43
  172  172  172  172  172   86   86   86   86   86   86   86   86   86   86   86   86   86   86   86   86   43   43
  172  172  172  172  172  129   86   86   86   86   86   86   86   86   86   86   86   86   86   86   86   43   86
  172  172  172  172  172  129   86   86   86   86   86  129   86   86  129   86   86   86   86   86   86   86   86

  Columns 93 through 100

   86   86   86   86   86   86  129  129
   86   86   86   86   86   86   86   43
   86   86   86   86  129   86   43   43
   86   86  129  129   86   43   43   43
   86  129  129   86   43   43   43   43
   86  129   86   43   43   43   43   43
  129   86   43   43   43   43   43   43
   86   43   43   43   43   43   43   43
   43   43   43   43   43   43   43   43
   43   43   43   43   43   43   43   43
   43   43   43   43   43   43   43   43
   43   43   43   43   43   43   43   43
   43   43   43   43   43   43   43   43
   43   43   43   43   43   43   43   43
   43   43   43   43   43   43   43   86
   43   43   43   43   43   43   43  129
   43   43   43   43   43   43  129  129
   43   43   43   43   86  129  129  129
   43   43   43   86   86  129  129  129
   43   43   43   86  129  129  129  129
   43   43   86  129  129  129  129  129
   43   86  129  129  129  129  129  129
   43  129  129  129  129  129  129  129
   86  129  129  129  129  129  129  129
  129  129  129  129  129  129  129  129
  129  129  129  129  129  129  129  129
  129  129  129  129  129  129  129  129
  129  129  129  129  129  129  129  129
  129  129  129  129  129  129  129  129
  129  129  129  129  129  129  129  129
  129  129  129  129  129  129  129  129
  129  129  129  129  129  129  129  129
  129  129  129  129  129  129  129  129
  129  129  129  129  129  129  129  129
  129  129  129  129  129  129  129  129
  129  129  129  129  129  129  129  129
  129  129  129  129  129  129  129  129
  129  129  129  129  129  129  129  129
  129  129  129  129  129  129  129  129
  129  129  129  129  129  129  129  129
  129  129  129  129  129  129  129  129
  129  129  129  129  129  129  129  129
  129  129  129  129  129  129  129  129
  129  129  129  129  129  129  129  129
  129  129  129  129  129  129  129  129
  129  129  129  129  129  129  129  129
  129  129  129  129  129  129  129  129
  129  129  129  129  129  129  129  129
  129  129  129  129  129  129  129  129
  129  129  129  129  129  129  129  129
  129  129  129  129  129  129  129  129
  129  129  129  129  129  129  129  129
  129  129  129  129  129  129  129  129
  129  129  129  129  129  129  129  172
  129  129  129  129  129  172  172  172
  129  129  129  172  172  172  172  172
  129  129  172  172  172  172  172  172
  129  172  172  172  172  172  172  172
  172  172  172  172  172  172  172  172
  172  172  172  172  172  172  172  172
  172  172  172  172  172  172  172  172
  172  172  172  172  172  172  172  172
  172  172  172  172  172  172  172  172
  172  172  172  172  172  172  172  172
  172  172  172  172  172  172  172  172
  172  172  172  172  172  172  172  172
  172  172  172  172  172  172  172  172
  172  172  172  172  172  172  172  172
  172  172  172  172  172  172  172  172
  172  172  172  172  172  172  172  172
  172  172  172  172  172  172  172  172
  172  172  172  172  172  172  172  172
  172  172  172  172  172  172  172  172
  172  172  172  172  172  172  172  172
  172  172  172  172  172  172  129   86
  172  172  172  172  129   86   43   43
  172  172  172  129   43   43   43   43
  172  172  129   43   43   43   86   86
  172  129   43   43   43   86   86   86
  129   43   43   86   86   86   86   86
   86   43   86   86   86   86   86   86
   86   86   86   86   86   86   86   86
   86   86   86   86   86   86   86   86
   86   86   86   86   86   86   86   86
   86   86   86   86   86   86   86   86
   86   86   86   86   86   86   86   86
   86   86   86   86   86   86   86   86
   86   86   86   86   86   86   86   86
   86   86   86   86   86   86   86   86
   86   86   86   86   86   86   86   86
   86   86   86   86   86   86   86   43
   86   86   86   86   86   86   86   43
   86   86   86   86   86   86   43   43
   86   86   86   86   86   86   43   43
   86   86   86   86   86   86   43   43
   43   86   86   86   86   43   43   43
   43   86   86   86   86   43   43   43
   86   86   86   86   43   43   43   43
   86   86   86   86   43   43   43   43
   86   86   86   43   43   43   86   86

