
rectr(:,:,1) =

  Columns 1 through 23

  177  179  179  177  176  178  180  179  180  180  180  180  179  179  179  180  181  181  181  181  181  181  181
  184  183  182  183  184  185  183  180  182  182  182  182  181  181  181  182  182  183  183  183  183  183  183
  178  176  175  177  180  180  178  177  183  183  182  182  182  182  182  182  182  181  181  181  181  181  181
  183  183  184  187  187  185  186  190  185  185  185  185  185  185  185  184  184  183  183  183  183  183  183
  185  186  188  189  182  174  175  182  183  183  183  183  183  183  183  183  182  181  181  181  181  181  181
  183  182  185  184  171  152  144  147  141  141  141  141  141  140  140  141  140  139  139  139  139  139  139
  193  189  192  194  180  153  131  124  134  135  135  135  135  134  134  134  135  135  135  135  135  135  135
  187  181  183  192  182  150  117   99   81   81   82   82   81   81   81   81   82   84   83   84   83   84   83
  188  193  190  192  185  142  135   86   82   97  108  149  177  171  175  180  180  181  181  181  181  181  181
  189  193  191  193  186  142  137   89  107  191  234  240  235  234  244  239  239  239  239  239  239  239  239
  190  194  192  194  187  142  138   92  146  227  248  244  233  239  248  232  237  236  236  236  236  236  236
  192  195  193  196  188  141  139   97  208  241  242  238  240  241  246  236  239  239  238  239  238  239  238
  193  195  193  198  189  141  140  101  199  226  230  237  236  225  231  233  229  228  228  228  228  228  228
  194  195  194  200  190  140  140  105  206  235  236  233  233  229  234  229  231  230  230  230  230  230  230
  196  196  195  201  191  140  141  108  208  228  218  213  218  218  221  212  219  219  219  219  219  219  219
  196  196  195  202  192  141  142  110  194  216  219  229  228  212  216  221  221  222  222  222  222  222  222
  200  201  204  201  192  144  138  124  195  214  219  214  215  215  211  212  215  215  215  215  215  215  215
  202  202  205  202  192  144  139  127  195  214  218  212  213  212  209  211  211  211  211  211  211  211  211
  203  203  206  203  193  143  141  130  193  211  216  208  209  207  205  207  207  207  207  207  207  207  207
  205  204  207  205  194  143  142  135  188  208  214  207  206  205  202  206  204  204  204  204  204  204  204
  206  203  208  207  196  144  143  140  181  203  211  205  203  203  201  204  201  202  201  202  201  202  201
  207  204  208  209  197  144  144  145  170  196  206  203  203  201  199  203  200  200  200  200  200  200  200
  209  205  209  211  198  145  146  148  158  188  202  200  201  199  197  201  198  198  198  198  198  198  198
  209  205  209  211  199  144  147  151  151  182  198  199  200  198  197  200  198  197  197  197  197  197  197
  212  211  211  212  202  143  146  160  160  170  183  194  199  199  195  191  197  197  196  196  196  196  196
  213  211  212  212  203  143  145  163  161  168  177  187  194  198  199  199  193  194  194  194  195  195  196
  214  211  213  214  204  143  147  166  167  170  174  178  185  191  197  200  196  195  195  195  195  195  195
  216  212  213  216  204  143  149  170  177  177  176  176  178  184  190  193  200  199  198  197  196  195  194
  217  213  214  218  206  143  150  175  183  183  182  181  179  182  185  186  195  195  195  196  195  196  196
  219  213  215  220  208  143  152  180  184  186  186  186  186  186  187  187  187  187  188  191  193  194  196
  220  214  216  221  209  143  153  182  187  189  191  192  191  191  190  189  186  186  188  189  191  192  193
  220  214  216  222  209  143  152  184  192  194  195  195  193  192  191  189  193  192  191  191  190  190  190
  218  220  219  219  209  144  153  190  194  197  198  198  198  197  196  196  196  196  196  196  196  196  196
  220  222  221  220  211  145  155  192  196  199  200  201  201  199  198  198  199  199  199  199  199  199  199
  222  224  222  223  213  146  157  197  200  204  205  206  205  204  202  202  203  204  204  204  204  204  204
  224  224  223  225  214  146  159  200  204  208  209  210  209  209  208  207  208  208  208  208  208  208  208
  225  224  223  227  215  145  159  204  208  211  213  215  213  213  212  212  212  212  212  212  212  212  212
  226  224  224  229  216  145  160  208  212  215  217  218  217  217  216  215  216  216  216  216  216  216  216
  229  226  226  231  218  146  161  211  215  217  220  221  221  220  219  219  219  219  219  219  219  219  219
  230  228  228  233  219  147  162  213  217  220  222  223  223  223  222  221  221  222  222  222  222  222  222
  231  224  230  228  232  141  163  221  220  223  225  225  224  224  223  223  224  223  223  223  223  223  222
  235  231  234  228  225  137  161  217  219  221  222  225  224  224  223  223  220  220  220  220  220  220  220
  229  230  238  234  228  150  169  213  219  222  223  224  225  224  224  224  222  222  223  224  224  224  224
  232  234  237  231  214  138  137  156  157  159  160  161  162  162  162  163  164  165  166  167  168  169  170
  235  234  233  232  220  169  164  164  163  164  166  166  167  167  165  167  169  170  171  172  173  174  174
  235  234  231  240  242  227  235  231  233  234  235  235  236  235  235  234  234  235  235  236  236  237  237
  243  242  232  236  233  232  243  233  237  237  237  237  237  237  236  236  235  235  235  236  236  236  236
  237  241  235  239  231  235  245  232  237  238  238  238  236  236  235  235  238  238  238  237  237  237  237
  240  240  240  240  240  240  240  240  240  240  240  240  240  240  240  240  240  240  240  240  240  240  240
  240  240  240  240  240  240  240  240  240  240  240  240  240  240  240  240  240  240  240  240  240  240  240

  Columns 24 through 46

  181  181  181  181  181  181  181  181  181  181  181  181  181  181  181  181  181  181  181  181  181  181  181
  183  183  183  183  183  183  183  183  183  183  183  183  183  183  183  183  183  181  181  181  181  181  181
  181  181  181  181  181  181  181  181  181  181  181  181  181  181  181  181  181  181  181  181  181  181  181
  183  183  183  183  183  183  183  183  183  183  183  183  183  183  183  183  183  183  183  183  183  183  183
  181  181  181  181  181  181  181  181  181  181  181  181  181  181  181  181  181  180  180  180  180  180  180
  139  139  139  139  139  139  139  139  139  139  139  139  139  139  139  139  139  143  143  143  143  143  143
  135  135  135  135  135  135  135  135  135  135  135  135  135  135  135  135  135  142  142  142  142  142  142
   84   83   84   83   84   83   84   83   84   83   84   83   84   83   84   83   84   83   84   83   84   83   84
  181  174  175  174  175  174  175  174  175  174  175  174  175  174  175  174  175  174  175  174  175  174  175
  239  242  242  242  242  242  242  242  242  242  242  242  242  242  242  242  242  242  242  242  242  242  242
  236  233  234  233  234  233  234  233  234  233  234  233  234  233  234  233  234  233  234  233  234  233  234
  239  239  240  239  240  239  240  239  240  239  240  239  240  239  240  239  240  239  240  239  240  239  240
  228  228  228  228  228  228  228  228  228  228  228  228  228  228  228  228  228  228  228  228  228  228  228
  230  226  226  226  226  226  226  226  226  226  226  226  226  226  226  226  226  226  226  226  226  226  226
  219  224  224  224  224  224  224  224  224  224  224  224  224  224  224  224  224  224  224  224  224  224  224
  222  219  219  219  219  219  219  219  219  219  219  219  219  219  219  219  219  219  219  219  219  219  219
  215  213  213  213  213  213  213  213  213  215  215  215  215  215  215  215  215  215  215  215  215  215  215
  211  211  211  211  211  211  211  211  211  211  212  211  212  211  212  211  212  211  212  211  212  211  212
  207  208  208  208  208  208  208  208  208  207  208  207  208  207  208  207  208  207  208  207  208  207  208
  204  205  205  205  205  205  205  205  205  204  205  204  205  204  205  204  205  204  205  204  205  204  205
  202  203  203  203  203  203  203  203  203  202  202  202  202  202  202  202  202  202  202  202  202  202  202
  200  200  200  200  200  200  200  200  200  201  201  201  201  201  201  201  201  201  201  201  201  201  201
  198  198  198  198  198  198  198  198  198  199  199  199  199  199  199  199  199  199  199  199  199  199  199
  197  196  196  196  196  196  196  196  197  198  198  198  198  198  198  198  198  198  198  198  198  198  198
  196  195  195  195  195  195  195  195  195  195  195  195  195  195  195  195  195  195  195  195  195  195  195
  196  196  196  196  196  196  196  196  196  196  196  196  196  196  196  196  196  196  196  196  196  196  196
  195  195  195  195  195  195  195  195  195  195  195  195  195  195  195  195  195  195  195  195  195  195  195
  195  193  194  193  194  193  194  193  194  193  194  193  194  193  194  193  194  193  194  193  194  193  194
  197  194  195  194  195  194  195  194  194  194  194  194  194  194  194  194  194  194  194  194  194  194  194
  197  196  196  196  196  196  196  196  196  196  196  195  196  195  196  195  196  195  196  195  196  195  196
  194  195  195  195  195  195  195  195  195  194  195  195  195  195  195  195  195  195  195  195  195  195  195
  189  192  192  192  192  192  192  192  192  191  192  191  192  191  192  191  192  191  192  191  192  191  192
  196  196  196  196  196  196  196  196  196  196  196  196  196  196  196  196  196  197  197  197  197  197  197
  199  199  199  199  199  199  199  199  199  199  199  199  199  199  199  199  199  199  199  199  199  199  199
  204  204  204  204  204  204  204  204  204  204  204  204  204  204  204  204  204  204  204  204  204  204  204
  208  208  208  208  208  208  208  208  208  208  208  208  208  208  208  208  208  207  207  207  207  207  207
  212  212  212  212  212  212  212  212  212  212  212  212  212  212  212  212  212  212  211  212  211  212  211
  216  216  216  216  216  216  216  216  216  216  216  216  216  216  216  216  216  216  216  216  216  216  216
  219  219  219  219  219  219  219  219  219  219  219  219  219  219  219  219  219  220  220  220  220  220  220
  222  222  222  222  222  222  222  222  222  222  222  222  222  222  222  222  222  223  223  223  223  223  223
  222  223  223  222  222  222  222  222  222  225  224  224  224  224  224  223  223  225  225  225  225  225  224
  221  224  224  224  224  224  224  224  225  223  223  223  223  223  224  224  224  223  223  223  223  223  224
  225  220  220  221  221  222  223  223  223  222  222  222  223  224  224  224  224  223  224  224  224  225  225
  170  172  172  172  173  174  175  176  176  179  179  180  181  182  183  184  184  184  185  186  187  188  188
  175  177  177  178  179  180  181  181  181  183  183  184  185  186  187  188  188  188  189  190  191  192  193
  238  232  233  233  234  234  235  235  236  233  233  234  234  235  236  235  236  235  235  235  236  236  237
  236  239  238  239  239  240  239  240  239  237  237  237  237  237  237  237  237  237  237  237  237  237  237
  237  237  237  237  237  236  236  236  236  237  237  237  236  236  236  236  236  238  238  237  237  237  237
  240  240  240  240  240  240  240  240  240  240  240  240  240  240  240  240  240  240  240  240  240  240  240
  240  240  240  240  240  240  240  240  240  240  240  240  240  240  240  240  240  240  240  240  240  240  240

  Columns 47 through 69

  181  181  182  182  182  182  182  182  182  182  181  181  181  181  181  181  181  181  182  182  182  182  182
  181  181  182  182  182  182  182  182  182  182  183  183  183  183  183  183  183  182  181  181  181  181  181
  181  181  180  180  180  180  180  180  180  180  182  182  182  182  182  182  182  182  182  182  182  182  182
  183  183  182  182  182  182  182  182  182  182  181  181  181  181  181  181  181  181  184  184  184  184  185
  180  180  181  181  181  181  181  181  181  181  181  181  181  181  181  181  181  181  181  182  182  182  183
  143  143  148  148  148  148  148  148  148  148  151  151  151  151  151  151  151  151  152  152  153  153  154
  142  142  145  145  145  145  145  145  145  145  148  148  148  148  148  148  148  148  150  150  150  151  151
   83   84   82   83   82   83   82   83   82   83   83   84   83   84   83   84   83   84   79   79   80   81   82
  174  175  174  175  174  175  174  175  174  175  172  173  172  173  172  173  172  173  174  175  174  175  174
  242  242  242  242  242  242  242  242  242  242  243  244  243  244  243  244  243  244  242  242  242  242  242
  233  234  233  234  233  234  233  234  233  234  233  234  233  234  233  234  233  234  234  234  234  234  234
  239  240  239  240  239  240  239  240  239  240  237  238  237  238  237  238  237  238  240  240  240  240  240
  228  228  228  228  228  228  228  228  228  228  230  230  230  230  230  230  230  230  228  229  228  229  228
  226  226  226  226  226  226  226  226  226  226  227  227  227  227  227  227  227  227  226  227  226  227  226
  224  224  224  224  224  224  224  224  224  224  221  221  221  221  221  221  221  221  224  225  224  225  224
  219  219  219  219  219  219  219  219  219  219  220  220  220  220  220  220  220  220  219  219  219  219  219
  215  214  214  214  214  214  214  214  214  214  214  214  214  214  214  214  214  214  215  215  215  215  215
  211  211  211  212  211  212  211  212  211  212  211  212  211  212  211  212  211  212  212  212  212  212  212
  207  207  207  207  207  207  207  207  207  207  207  207  207  207  207  207  207  207  207  208  207  208  207
  204  204  204  204  204  204  204  204  204  204  204  204  204  204  204  204  204  204  203  204  203  204  203
  202  202  202  202  202  202  202  202  202  202  202  202  202  202  202  202  202  202  201  201  201  201  201
  201  201  201  201  201  201  201  201  201  201  201  201  201  201  201  201  201  201  199  199  199  199  199
  199  199  199  199  199  199  199  199  199  199  199  199  199  199  199  199  199  199  197  197  197  197  197
  198  198  198  198  198  198  198  198  198  198  198  198  198  198  198  198  198  198  196  196  196  196  196
  195  195  194  194  194  194  194  194  194  194  196  196  196  196  196  196  196  196  194  194  194  194  194
  196  196  196  196  196  196  196  196  196  196  196  196  196  196  196  196  196  196  196  196  196  196  196
  195  195  196  196  196  196  196  196  196  196  195  195  195  195  195  195  195  195  195  195  195  195  195
  193  194  194  195  195  195  195  195  195  195  197  196  197  196  197  196  197  196  193  194  193  194  193
  194  194  195  195  195  195  195  195  195  195  196  196  196  196  196  196  196  196  194  194  194  194  194
  195  196  196  196  196  196  196  196  196  196  195  195  195  195  195  195  195  195  195  195  195  195  195
  195  195  194  194  194  194  194  194  194  194  192  192  192  192  192  192  192  192  192  192  192  192  192
  191  192  190  191  190  191  190  191  190  191  190  191  190  191  190  191  190  191  189  189  189  189  189
  197  197  196  197  196  197  196  197  196  197  195  195  195  195  195  195  195  195  195  195  195  195  195
  199  199  199  199  199  199  199  199  199  199  198  198  198  198  198  198  198  198  198  198  198  198  198
  204  204  204  204  204  204  204  204  204  204  203  203  203  203  203  203  203  203  203  203  203  203  203
  207  207  207  207  207  207  207  207  207  207  207  207  207  207  207  207  207  207  207  207  207  207  207
  212  211  212  211  212  211  212  211  212  211  212  211  212  211  212  211  212  211  212  211  212  211  212
  216  216  216  216  216  216  216  216  216  216  216  216  216  216  216  216  216  216  216  216  216  216  216
  220  220  220  220  220  220  220  220  220  220  219  219  219  219  219  219  219  219  219  219  219  219  219
  223  223  223  223  223  223  223  223  223  223  221  221  221  221  221  221  221  221  221  221  221  221  221
  224  224  224  224  224  224  223  223  223  223  224  224  224  224  224  223  223  223  222  222  222  222  222
  224  224  221  221  222  222  222  222  222  222  224  224  224  225  225  225  225  225  222  222  222  222  222
  226  226  224  224  225  225  226  226  227  227  221  222  222  223  223  224  224  224  222  222  223  223  224
  188  189  189  189  190  191  192  193  194  194  197  198  198  199  200  200  201  202  202  202  203  204  205
  193  194  194  194  195  195  196  197  198  198  201  202  202  203  204  205  206  206  207  207  207  208  209
  237  238  235  236  236  237  237  239  238  239  233  233  233  234  235  235  235  236  235  235  235  236  236
  237  237  235  235  235  235  236  236  236  236  238  238  238  238  238  238  239  238  237  237  237  238  238
  237  236  236  236  236  236  236  236  236  236  237  236  236  236  236  236  236  236  236  236  236  236  236
  240  240  240  240  240  240  240  240  240  240  240  240  240  240  240  240  240  240  240  240  240  240  240
  240  240  240  240  240  240  240  240  240  240  240  240  240  240  240  240  240  240  240  240  240  240  240

  Columns 70 through 92

  181  181  181  183  183  183  183  183  183  183  183  183  183  183  182  181  181  181  183  184  180  181  185
  181  181  181  182  182  182  182  182  182  182  182  183  184  183  182  182  182  182  183  186  182  180  184
  182  182  182  181  181  181  181  181  181  181  182  183  182  182  182  181  181  182  182  185  180  178  181
  185  185  185  183  183  183  183  183  183  183  183  183  184  183  182  182  182  182  183  184  185  187  188
  183  184  184  184  184  184  184  184  184  184  184  186  186  185  185  184  185  185  185  172  179  185  183
  155  155  156  159  159  159  159  159  159  159  159  164  164  163  163  162  162  163  163  172  178  179  172
  153  153  154  154  155  154  155  154  155  154  155  159  158  157  157  156  156  157  158  156  156  151  147
   84   83   85   80   80   80   80   80   80   80   80   79   79   78   76   76   76   77   78   87   84   81   89
  175  174  175  175  176  177  179  182  184  185  186  190  193  196  196  194  188  183  180  145  121   68   85
  242  242  242  237  236  238  238  239  240  241  241  236  237  237  238  236  235  233  231  225  202  137   90
  234  234  234  237  238  236  237  236  236  235  236  241  241  239  239  238  240  242  243  248  246  197  103
  240  240  240  239  239  239  238  238  237  237  236  234  234  233  231  232  233  236  238  231  241  222  111
  229  228  229  226  227  226  227  226  228  227  228  233  233  233  232  233  232  233  233  235  237  228  111
  227  226  227  227  228  228  229  229  230  230  231  225  226  226  225  226  224  223  223  233  228  227  122
  225  224  225  217  218  218  218  218  219  219  219  224  224  224  223  223  222  222  223  220  218  223  131
  219  219  219  220  220  220  220  219  219  219  219  219  218  218  216  215  217  220  220  225  223  220  126
  215  215  215  214  214  214  214  214  214  214  215  214  214  213  212  212  211  213  214  218  212  220  131
  212  212  212  211  211  211  211  211  211  211  211  212  212  210  209  209  209  210  212  214  211  217  134
  208  207  208  206  207  206  207  206  207  206  207  209  208  207  206  206  206  207  209  210  209  212  138
  204  203  204  203  204  203  204  203  204  203  204  206  206  205  204  203  203  205  206  209  209  204  144
  201  201  201  201  201  201  201  201  201  201  201  203  203  202  201  200  201  202  204  207  209  195  147
  199  199  199  200  200  200  200  200  200  200  200  201  201  200  199  199  199  200  202  205  205  183  149
  197  197  197  198  198  198  198  198  198  198  199  198  198  197  196  196  196  197  199  202  200  170  149
  196  196  196  197  197  197  197  197  197  197  198  197  197  195  195  194  194  196  198  198  196  163  149
  194  194  194  195  195  195  195  195  195  195  195  200  199  197  195  194  194  196  199  198  176  164  154
  196  196  196  195  195  195  195  195  195  195  196  196  196  197  197  197  195  196  197  185  169  163  157
  195  195  195  195  195  195  195  195  195  195  195  194  196  197  198  196  193  189  188  177  166  169  164
  194  193  194  195  196  195  196  195  196  195  196  197  198  197  195  190  185  181  178  181  173  179  173
  194  194  194  195  195  195  195  195  195  195  196  196  196  193  188  184  181  179  178  186  180  185  176
  195  195  195  194  194  194  194  194  194  194  195  192  192  188  185  183  182  184  188  187  181  186  178
  192  192  192  191  191  191  191  191  191  191  192  191  191  187  186  186  187  189  193  190  185  190  182
  189  189  189  189  190  189  190  189  190  189  190  193  192  191  190  189  189  191  192  195  189  194  187
  195  195  195  195  195  195  195  195  195  195  195  195  195  194  195  194  195  196  197  196  197  188  187
  198  198  198  198  198  198  198  198  198  198  198  197  197  197  197  198  198  199  200  198  199  191  188
  203  203  203  203  203  203  203  203  203  203  203  202  201  201  202  203  203  204  204  203  204  197  193
  207  207  207  207  207  207  207  207  207  207  207  207  207  207  207  207  208  208  208  207  210  202  199
  211  212  211  212  211  212  211  212  211  212  211  211  211  212  211  211  212  213  213  211  213  207  203
  216  216  216  216  216  216  216  216  216  216  216  215  215  215  215  216  216  216  217  215  217  213  207
  219  219  219  219  219  219  219  219  219  219  218  219  219  219  219  219  219  219  220  217  221  217  211
  221  221  221  221  221  221  221  221  221  221  221  222  222  221  221  220  221  222  222  218  224  219  214
  222  222  222  222  222  222  222  222  222  222  222  223  223  222  223  222  222  223  223  221  219  221  222
  222  223  223  221  221  221  221  221  221  221  222  223  223  222  222  222  222  222  223  221  219  219  219
  224  224  225  224  224  224  224  224  224  224  225  226  226  226  225  225  225  225  225  224  223  223  222
  206  206  207  209  209  209  209  209  209  209  209  210  210  210  209  208  208  209  209  210  209  209  209
  210  211  211  213  213  213  213  213  213  213  213  215  215  214  214  213  213  213  214  215  215  215  215
  237  237  238  236  237  236  237  236  237  236  237  238  238  238  237  236  236  237  237  237  237  236  236
  238  238  238  237  237  237  237  237  237  237  237  239  239  238  237  236  237  237  237  237  236  237  235
  236  236  236  236  236  236  236  236  236  236  237  238  238  237  237  237  237  236  237  236  238  239  238
  240  240  240  240  240  240  240  240  240  240  240  240  240  240  240  240  240  239  240  240  240  240  240
  240  240  240  240  240  240  240  240  240  240  240  240  240  240  240  240  240  240  240  240  240  240  240

  Columns 93 through 100

  182  176  174  178  180  180  180  180
  186  183  179  182  180  180  180  180
  181  179  176  176  181  182  182  182
  187  185  185  186  182  183  183  183
  180  179  182  186  184  185  185  185
  165  167  173  177  186  186  186  186
  153  169  183  188  188  188  188  188
  119  156  182  190  188  188  188  188
  115  186  167  195  191  191  191  191
  102  179  177  197  191  191  191  191
  106  178  183  189  193  193  193  193
  116  178  185  188  194  193  193  193
  116  170  182  201  196  195  195  195
  124  173  178  205  196  196  196  196
  132  186  176  203  199  198  198  198
  125  192  178  205  199  198  198  198
  136  182  185  199  201  201  201  201
  138  183  186  202  201  201  201  201
  139  184  189  206  203  203  203  203
  142  184  189  207  204  204  204  204
  145  186  189  205  206  206  206  206
  147  189  191  204  206  206  206  206
  150  194  195  204  208  208  208  208
  152  197  198  205  208  208  208  208
  167  191  196  205  211  211  211  211
  170  193  198  209  211  211  211  211
  175  195  200  212  213  213  213  213
  178  195  200  214  214  214  214  214
  178  194  201  217  216  216  216  216
  179  196  201  219  217  217  217  217
  184  199  203  218  218  218  218  218
  189  202  204  215  218  218  218  218
  193  196  204  220  220  220  220  220
  195  198  205  222  220  220  220  220
  198  200  207  224  222  222  222  222
  202  201  208  225  223  223  223  223
  203  203  208  225  225  225  225  225
  206  203  209  226  226  226  226  226
  209  205  211  228  228  227  227  227
  211  207  212  230  228  227  227  227
  212  205  215  234  231  230  230  230
  209  202  212  229  231  230  230  230
  214  210  219  234  232  232  232  232
  205  205  214  226  233  233  233  233
  213  214  221  229  235  235  235  235
  233  234  237  239  235  235  235  235
  235  235  235  234  237  237  237  237
  239  241  240  238  237  237  237  237
  240  240  240  240  240  240  240  240
  240  240  240  240  240  240  240  240


rectr(:,:,2) =

  Columns 1 through 23

  132  132  132  132  131  131  131  131  131  131  132  132  134  134  135  132  125  122  122  122  122  122  122
  132  132  132  131  131  129  129  129  129  129  131  131  132  132  134  131  128  125  125  125  125  125  125
  132  132  131  131  129  128  128  128  127  127  128  128  129  129  129  131  131  132  132  132  132  132  132
  132  131  131  129  128  127  125  124  124  124  124  124  125  125  125  128  131  133  134  133  134  133  134
  131  131  129  128  125  124  122  121  120  120  120  120  121  121  121  123  127  129  130  129  130  129  130
  131  129  128  127  124  121  120  117  114  114  114  114  114  117  117  117  120  122  122  122  122  122  122
  131  129  128  125  122  120  114  113  112  110  110  110  110  112  112  111  110  109  109  109  109  109  109
  131  129  128  124  121  117  113  110  108  106  105  105  106  108  108  106  103  102  102  102  102  102  102
  131  129  127  124  120  115  112  108  105  104  104  105  107  107  108  107  105  102  103  102  103  102  103
  131  129  127  124  120  115  110  106  104  105  106  107  107  108  110  109  109  107  108  107  108  107  108
  132  131  128  124  120  115  110  105  105  106  114  107  108  109  112  113  116  117  118  117  118  117  118
  132  131  128  124  120  114  110  105  107  107  107  108  109  112  114  116  120  122  123  122  123  122  123
  134  132  129  125  121  114  110  107  108  107  108  109  112  114  116  119  122  124  125  124  125  124  125
  134  132  129  125  121  117  112  108  108  108  109  112  115  116  119  120  121  123  123  123  123  123  123
  135  134  129  125  121  117  112  108  109  109  111  113  116  119  121  120  117  116  116  116  116  116  116
  133  132  130  126  122  117  112  108  107  108  109  112  115  118  120  119  114  112  112  112  112  112  112
  127  128  129  128  124  119  111  106  103  103  104  107  111  114  115  115  111  110  110  110  110  110  110
  124  126  129  129  127  120  111  103  101   99  102  104  108  111  113  112  110  109  110  109  110  109  110
  124  126  129  129  126  120  110  103  100   99  101  104  107  110  111  111  109  108  108  108  108  108  108
  124  126  129  129  126  120  110  102   98   98  100  102  105  108  110  109  107  106  107  106  107  106  107
  125  127  129  129  126  119  109  101   97   96   97   99  104  105  107  107  106  105  106  105  106  105  106
  125  127  129  129  126  118  109  100   96   94   96   97  101  103  104  104  104  104  104  104  104  104  104
  125  127  129  129  125  117  108  100   94   92   93   94   98   99  100  101  101  101  101  101  101  101  101
  125  127  129  128  124  117  106   98   93   89   91   92   94   97   97   98   99   99   99   99   99   99   99
  127  127  129  128  124  116  105   98   91   88   88   89   92   93   94   95   95   97   97   97   97   97   97
  127  128  130  128  124  116  105   97   89   86   86   87   88   89   91   92   93   94   94   94   94   94   94
  128  128  130  128  124  115  104   96   88   85   83   84   86   87   87   88   90   90   91   90   91   90   91
  128  128  131  128  124  115  103   94   87   83   82   83   84   84   85   86   87   88   89   88   89   88   89
  128  128  131  128  123  114  102   93   86   81   80   80   81   82   83   84   85   86   87   86   87   86   87
  128  128  131  128  123  113  102   92   85   80   79   79   80   81   81   82   84   85   85   85   85   85   85
  128  128  131  129  123  113  101   92   84   80   78   78   79   79   80   80   83   84   84   84   84   84   84
  130  130  131  128  122  113  102   93   84   80   78   78   78   79   80   82   82   83   83   83   83   83   83
  133  132  130  127  122  112  103   94   86   81   79   78   79   81   83   83   83   82   83   82   83   82   83
  133  132  131  126  120  113  103   95   87   81   79   78   79   81   83   84   82   81   81   81   81   81   81
  133  132  130  126  121  112  103   94   86   80   77   76   77   79   81   81   81   80   80   80   80   80   80
  133  132  130  126  120  111  102   94   85   79   76   75   76   77   79   80   79   78   78   78   78   78   78
  132  131  129  125  119  111  102   94   85   79   75   73   75   76   78   78   77   77   77   77   77   77   77
  132  131  129  125  119  112  102   94   85   79   75   73   74   75   77   78   77   76   76   76   76   76   76
  131  130  129  125  121  112  103   95   87   81   76   74   74   75   77   78   77   77   77   77   77   77   77
  130  129  128  125  121  113  105   98   89   83   78   76   76   77   79   80   80   80   80   80   80   80   80
  129  129  128  126  122  116  108  101   93   87   82   80   81   82   83   84   84   83   83   83   83   83   83
  129  129  128  126  123  118  112  106   98   92   89   86   88   88   90   90   90   90   90   90   90   90   90
  128  128  129  128  126  121  116  111  104   98   95   94   95   97  100   99   99   98   98   98   98   98   98
  128  128  129  129  128  125  120  114  109  104  101  101  103  105  107  107  107  106  106  106  106  106  106
  126  128  129  130  130  129  125  120  115  112  110  110  112  115  118  119  116  116  116  116  116  116  116
  126  128  129  131  132  132  129  125  122  119  118  118  121  124  127  128  125  123  124  123  124  123  124
  126  127  130  132  133  133  132  129  125  124  123  124  127  131  133  134  132  130  131  130  131  130  131
  126  127  130  131  132  132  132  129  128  127  127  127  129  132  135  135  133  132  132  132  132  132  132
  128  128  129  129  129  129  129  128  128  128  128  128  128  129  131  131  129  129  129  129  129  129  129
  128  128  128  128  128  128  128  128  128  128  128  128  128  128  128  128  128  128  128  128  128  128  128

  Columns 24 through 46

  122  122  122  122  122  122  122  122  122  122  122  122  122  122  122  122  122  122  122  122  122  122  122
  125  125  125  125  125  125  125  125  125  125  125  125  125  125  125  125  125  125  125  125  125  125  125
  132  132  132  132  132  132  132  132  132  132  132  132  132  132  132  132  132  132  132  132  132  132  132
  133  134  133  134  133  134  133  134  133  134  133  134  133  134  133  134  133  134  133  134  133  134  133
  129  130  129  130  129  130  129  130  129  130  129  130  129  130  129  130  129  130  129  130  129  130  129
  122  122  122  122  122  122  122  122  122  122  122  122  122  122  122  122  122  122  122  122  122  122  122
  109  109  109  109  109  109  109  109  109  109  109  109  109  109  109  109  109  109  109  109  109  109  109
  102  102  102  102  102  102  102  102  102  102  102  102  102  102  102  102  102  102  102  102  102  102  102
  102  103  102  103  102  103  102  103  102  103  102  103  102  103  102  103  102  103  102  103  102  103  102
  107  108  107  108  107  108  107  108  107  108  107  108  107  108  107  108  107  108  107  108  107  108  107
  117  118  117  118  117  118  117  118  117  118  117  118  117  118  117  118  117  118  117  118  117  118  117
  122  123  122  123  122  123  122  123  122  123  122  123  122  123  122  123  122  123  122  123  122  123  122
  124  125  124  125  124  125  124  125  124  125  124  125  124  125  124  125  124  125  124  125  124  125  124
  123  123  123  123  123  123  123  123  123  123  123  123  123  123  123  123  123  123  123  123  123  123  123
  116  116  116  116  116  116  116  116  116  116  116  116  116  116  116  116  116  116  116  116  116  116  116
  112  112  112  112  112  112  112  112  112  112  112  112  112  112  112  112  112  112  112  112  112  112  112
  110  110  110  110  110  110  110  110  110  110  110  110  110  110  110  110  110  110  110  110  110  110  110
  109  110  109  110  109  110  109  110  109  110  108  110  108  110  108  110  108  110  108  110  108  110  108
  108  108  108  108  108  108  108  108  108  108  107  108  107  108  107  108  107  108  107  108  107  108  107
  106  108  106  108  106  108  106  108  106  107  105  106  105  106  105  106  105  106  105  106  105  106  105
  105  106  105  106  105  106  105  106  105  105  104  105  104  105  104  105  104  105  104  105  104  105  104
  104  104  104  104  104  104  104  104  104  103  103  103  103  103  103  103  103  103  103  103  103  103  103
  101  101  101  101  101  101  101  101  100  100  100  100  100  100  100  100  100  100  100  100  100  100  100
   99   99   99   99   99   99   99   99   98   98   97   97   97   97   97   97   97   97   97   97   97   97   97
   97   96   96   96   96   96   96   96   96   96   95   95   95   95   95   95   95   95   95   95   95   95   95
   94   94   94   94   94   94   94   94   94   93   93   93   93   93   93   93   93   93   93   93   93   93   93
   90   91   90   91   90   91   90   91   90   90   90   90   90   90   90   90   90   90   90   90   90   90   90
   88   89   88   89   88   89   88   89   88   89   88   89   88   89   88   89   88   89   88   89   88   89   88
   86   87   86   87   86   87   86   87   87   87   87   88   87   88   87   88   87   88   87   88   87   88   87
   85   85   85   85   85   85   85   85   85   86   85   87   85   87   85   87   85   87   85   87   85   87   85
   84   84   84   84   84   84   84   84   84   85   84   85   84   85   84   85   84   85   84   85   84   85   84
   83   83   83   83   83   83   83   83   83   84   83   84   83   84   83   84   83   84   83   84   83   84   83
   82   83   82   83   82   83   82   83   82   83   82   83   82   83   82   83   82   83   82   83   82   83   82
   81   81   81   81   81   81   81   81   81   81   81   81   81   81   81   81   81   81   81   81   81   81   81
   80   80   80   80   80   80   80   80   80   80   80   80   80   80   80   80   80   80   80   80   80   80   80
   78   78   78   78   78   78   78   78   78   78   78   78   78   78   78   78   78   78   78   78   78   78   78
   77   77   77   77   77   77   77   77   77   77   77   77   77   77   77   77   77   77   77   77   77   77   77
   76   76   76   76   76   76   76   76   76   76   76   76   76   76   76   76   76   76   76   76   76   76   76
   77   77   77   77   77   77   77   77   77   77   77   77   77   77   77   77   77   77   77   77   77   77   77
   80   80   80   80   80   80   80   80   80   80   80   80   80   80   80   80   80   80   80   80   80   80   80
   83   83   83   83   83   83   83   83   83   83   83   83   83   83   83   83   83   83   83   83   83   83   83
   90   90   90   90   90   90   90   90   90   90   90   90   90   90   90   90   90   90   90   90   90   90   90
   98   98   98   98   98   98   98   98   98   98   98   98   98   98   98   98   98   98   98   98   98   98   98
  106  106  106  106  106  106  106  106  106  106  106  106  106  106  106  106  106  106  106  106  106  106  106
  116  116  116  116  116  116  116  116  116  116  116  116  116  116  116  116  116  116  116  116  116  116  116
  123  124  123  124  123  124  123  124  123  124  123  124  123  124  123  124  123  124  123  124  123  124  123
  130  131  130  131  130  131  130  131  130  131  130  131  130  131  130  131  130  131  130  131  130  131  130
  132  132  132  132  132  132  132  132  132  132  132  132  132  132  132  132  132  132  132  132  132  132  132
  129  129  129  129  129  129  129  129  129  129  129  129  129  129  129  129  129  129  129  129  129  129  129
  128  128  128  128  128  128  128  128  128  128  128  128  128  128  128  128  128  128  128  128  128  128  128

  Columns 47 through 69

  122  122  122  122  122  122  122  122  122  122  122  122  122  122  122  122  122  122  124  124  124  124  124
  125  125  125  125  125  125  125  125  125  125  125  125  125  125  125  125  125  126  127  127  127  127  127
  132  132  132  132  132  132  132  132  132  132  132  132  132  132  132  132  132  132  133  133  133  133  133
  134  133  134  133  134  133  134  133  134  133  134  133  134  133  134  133  134  134  134  134  135  134  134
  130  129  130  129  130  129  130  129  130  129  130  129  130  129  130  129  130  130  130  130  131  130  131
  122  122  122  122  122  122  122  122  122  122  122  122  122  122  122  122  122  122  122  122  123  122  123
  109  109  109  109  109  109  109  109  109  109  109  109  109  109  109  109  109  109  109  109  110  109  110
  102  102  102  102  102  102  102  102  102  102  102  102  102  102  102  102  102  102  102  101  102  101  102
  103  102  103  102  103  102  103  102  103  102  103  102  103  102  103  102  103  102  103  102  103  102  103
  108  107  108  107  108  107  108  107  108  107  108  108  108  108  108  108  108  108  107  107  107  107  107
  118  117  118  117  118  117  118  117  118  117  118  117  118  117  118  117  118  117  117  116  117  116  117
  123  122  123  122  123  122  123  122  123  122  123  122  123  122  123  122  123  122  122  122  122  122  122
  125  124  125  124  125  124  125  124  125  124  125  124  125  124  125  124  125  124  124  123  124  123  124
  123  123  123  123  123  123  123  123  123  123  123  123  123  123  123  123  123  121  121  121  121  121  121
  116  116  116  116  116  116  116  116  116  116  116  116  116  116  116  116  116  116  115  114  115  114  115
  112  112  112  112  112  112  112  112  112  112  112  112  112  112  112  112  112  112  111  110  110  110  110
  110  111  111  111  111  111  111  111  111  111  111  111  111  111  111  111  111  111  110  109  109  109  109
  110  109  110  109  111  109  111  109  111  109  111  109  111  109  111  109  111  109  109  108  109  108  109
  108  108  109  108  109  108  109  108  109  108  109  108  109  108  109  108  109  108  108  107  108  107  108
  106  106  107  107  107  107  107  107  107  107  107  107  107  107  107  107  107  107  107  105  107  105  107
  105  104  105  105  105  105  105  105  105  105  105  105  105  105  105  105  105  105  105  104  105  104  105
  103  103  103  103  103  103  103  103  103  103  103  103  103  103  103  103  103  103  103  103  103  103  103
  100  100  100  100  100  100  100  100  100  100  100  100  100  100  100  100  100  100  100  100  100  100  100
   97   97   98   98   98   98   98   98   98   98   98   98   98   98   98   98   98   98   98   98   98   98   98
   95   95   95   95   95   95   95   95   95   95   95   95   95   95   95   95   95   96   96   96   96   96   96
   93   93   93   93   93   93   93   93   93   93   93   93   93   93   93   93   93   93   94   94   94   94   94
   90   90   90   90   90   90   90   90   90   90   90   90   90   90   90   90   90   90   91   91   91   91   91
   89   88   89   88   89   88   89   88   89   88   89   88   89   88   89   88   89   88   89   88   89   88   89
   88   87   87   87   87   87   87   87   87   87   87   87   87   87   87   87   87   87   87   87   87   87   87
   87   85   86   85   86   85   86   85   86   85   86   85   86   85   86   85   86   85   86   85   86   85   86
   85   84   85   84   85   84   85   84   85   84   85   84   85   84   85   84   85   84   85   84   85   84   85
   84   83   84   83   84   83   84   83   84   83   84   83   84   83   84   83   84   83   84   83   84   83   84
   83   82   83   82   83   82   83   82   83   82   83   82   83   82   83   82   83   82   83   82   83   82   83
   81   81   81   81   81   81   81   81   81   81   81   81   81   81   81   81   81   81   81   81   81   81   81
   80   80   80   80   80   80   80   80   80   80   80   80   80   80   80   80   80   80   80   80   80   80   80
   78   78   78   78   78   78   78   78   78   78   78   78   78   78   78   78   78   78   78   78   78   78   78
   77   77   77   77   77   77   77   77   77   77   77   77   77   77   77   77   77   77   77   77   77   77   77
   76   76   76   76   76   76   76   76   76   76   76   76   76   76   76   76   76   76   76   76   76   76   76
   77   77   77   77   77   77   77   77   77   77   77   77   77   77   77   77   77   77   77   77   77   77   77
   80   80   80   80   80   80   80   80   80   80   79   79   79   79   79   79   79   79   79   79   79   79   79
   83   83   83   83   83   83   83   83   83   83   83   83   83   83   83   83   83   83   83   83   83   83   83
   90   90   90   90   90   90   90   90   90   90   90   90   90   90   90   90   90   90   90   90   90   90   90
   98   98   98   98   98   98   98   98   98   98   98   98   98   98   98   98   98   98   98   98   98   98   98
  106  106  106  106  106  106  106  106  106  106  106  106  106  106  106  106  106  106  106  106  106  106  106
  116  116  116  116  116  116  116  116  116  116  116  116  116  116  116  116  116  116  116  116  116  116  116
  124  123  124  123  124  123  124  123  124  123  124  123  124  123  124  123  124  123  124  123  124  123  124
  131  130  131  130  131  130  131  130  131  130  131  130  131  130  131  130  131  130  131  130  131  130  131
  132  132  132  132  132  132  132  132  132  132  132  132  132  132  132  132  132  132  132  132  132  132  132
  129  129  129  129  129  129  129  129  129  129  129  129  129  129  129  129  129  129  129  129  129  129  129
  128  128  128  128  128  128  128  128  128  128  128  128  128  128  128  128  128  128  128  128  128  128  128

  Columns 70 through 92

  124  124  124  124  124  124  124  124  124  124  123  121  121  124  125  128  127  127  124  122  121  121  122
  127  127  127  127  127  127  127  127  127  127  125  123  122  126  128  130  130  128  126  123  122  122  124
  133  133  133  133  133  133  133  133  133  133  131  127  126  130  131  133  133  131  130  127  126  126  127
  134  134  134  135  134  135  134  135  134  135  132  127  127  129  131  134  133  132  129  127  125  125  127
  130  131  130  131  130  131  130  131  130  131  129  125  124  127  128  131  129  129  126  124  122  121  124
  122  123  122  123  122  123  122  123  122  123  121  119  119  121  123  126  124  123  121  118  116  116  117
  109  110  109  110  109  110  109  110  109  110  109  110  111  113  115  117  116  115  112  108  107  107  108
  101  102  101  102  101  102  101  102  101  102  103  104  104  107  109  110  110  108  105  103  100  100  102
  102  103  102  103  102  103  102  103  102  103  104  105  107  109  110  112  111  109  106  103  100   99  100
  107  107  107  107  107  107  107  107  107  107  108  109  110  112  113  115  113  112  110  107  104  101  101
  116  117  116  117  116  117  116  117  116  117  116  115  116  118  119  120  119  118  114  113  109  107  107
  122  122  122  122  122  122  122  122  122  122  121  120  119  122  124  124  124  121  118  115  112  111  110
  123  124  123  124  123  124  123  124  123  124  123  121  121  124  125  125  125  122  119  115  113  112  112
  121  121  121  121  121  121  121  121  121  121  120  119  120  123  124  124  123  120  118  114  112  111  110
  114  115  114  115  114  115  114  115  114  115  114  115  116  118  119  121  119  117  113  109  106  106  105
  110  110  110  110  110  110  110  110  110  110  110  110  112  115  116  117  117  113  110  106  103  102  102
  109  109  109  109  109  109  109  109  109  109  108  108  108  112  114  115  115  112  107  102   99   99  100
  108  109  108  109  108  109  108  109  108  109  107  105  106  110  113  115  114  110  105  101   98   98   99
  107  108  107  108  107  108  107  108  107  108  106  104  105  109  112  114  113  109  104   99   96   96   99
  105  107  105  107  105  107  105  107  105  107  105  103  104  108  110  112  111  108  102   97   95   95   98
  104  105  104  105  104  105  104  105  104  105  104  101  101  105  108  110  108  105  100   96   93   93   97
  103  103  103  103  103  103  103  103  103  103  101   99   99  103  105  107  105  103   98   93   91   92   96
  100  100  100  100  100  100  100  100  100  100   99   96   96  100  102  104  103  100   95   91   89   90   94
   98   98   98   98   98   98   98   98   98   98   97   94   94   97   99  101  100   96   92   88   87   88   93
   96   96   96   96   96   96   96   96   96   96   95   91   91   94   97   98   97   94   89   85   84   87   92
   94   94   94   94   94   94   94   94   94   94   92   88   88   92   93   94   93   90   86   83   82   84   91
   91   91   91   91   91   91   91   91   91   91   90   86   86   89   91   92   90   87   84   81   81   83   90
   88   89   88   89   88   89   88   89   88   89   87   84   84   87   88   89   88   84   82   79   79   82   89
   87   87   87   87   87   87   87   87   87   87   85   83   83   85   87   88   86   82   80   77   77   81   88
   85   86   85   86   85   86   85   86   85   86   84   82   81   84   85   86   85   81   78   77   77   80   87
   84   85   84   85   84   85   84   85   84   85   83   81   80   83   84   84   83   80   77   76   76   79   87
   83   84   83   84   83   84   83   84   83   84   83   81   81   83   83   84   82   79   77   77   77   82   89
   82   83   82   83   82   83   82   83   82   83   83   83   83   84   83   84   82   80   79   79   81   86   94
   81   81   81   81   81   81   81   81   81   81   82   83   83   83   83   82   81   80   79   80   82   88   96
   80   80   80   80   80   80   80   80   80   80   80   81   81   81   81   80   79   78   77   78   81   86   95
   78   78   78   78   78   78   78   78   78   78   78   79   79   79   79   78   77   76   76   77   79   85   92
   77   77   77   77   77   77   77   77   77   77   77   77   78   77   77   77   76   75   74   75   79   84   91
   76   76   76   76   76   76   76   76   76   76   76   76   76   77   77   76   75   75   74   75   78   83   91
   77   77   77   77   77   77   77   77   77   77   77   76   76   77   77   77   76   76   75   76   79   84   91
   79   79   79   79   79   79   79   79   79   79   79   78   78   79   79   80   79   78   78   79   81   86   93
   83   83   83   83   83   83   83   83   83   83   83   82   82   83   83   85   84   83   83   83   85   90   96
   90   90   90   90   90   90   90   90   90   90   89   88   88   90   91   91   91   90   89   89   91   94  100
   98   98   98   98   98   98   98   98   98   98   97   97   97   97   99  100   99   99   98   97   98  100  105
  106  106  106  106  106  106  106  106  106  106  106  104  104  106  107  110  110  109  108  105  105  107  110
  116  116  116  116  116  116  116  116  116  116  115  114  114  116  118  120  120  119  118  115  114  114  115
  123  124  123  124  123  124  123  124  123  124  122  121  121  123  126  129  129  128  126  123  121  120  121
  130  131  130  131  130  131  130  131  130  131  129  127  127  130  133  135  136  135  132  129  127  124  124
  132  132  132  132  132  132  132  132  132  132  131  129  129  132  134  136  136  136  133  131  129  127  127
  129  129  129  129  129  129  129  129  129  129  129  128  128  129  130  131  131  130  130  128  128  128  128
  128  128  128  128  128  128  128  128  128  128  128  128  128  128  128  128  128  128  128  128  128  128  128

  Columns 93 through 100

  128  131  136  135  130  128  128  128
  130  133  138  136  131  128  128  128
  132  135  140  139  132  128  128  128
  131  136  139  139  132  128  128  128
  128  132  136  136  131  128  128  128
  121  125  129  131  129  128  128  128
  112  116  120  124  127  128  128  128
  105  111  115  120  125  128  128  128
  104  109  112  118  125  128  128  128
  106  110  114  119  125  128  128  128
  111  115  119  122  126  128  128  128
  114  117  121  124  127  128  128  128
  115  119  124  125  127  128  128  128
  112  116  120  124  126  128  128  128
  109  112  116  120  125  128  128  128
  106  112  116  122  126  128  128  128
  107  114  121  125  127  128  128  128
  106  115  123  127  128  128  128  128
  106  115  123  127  128  128  128  128
  105  115  123  127  128  128  128  128
  105  114  124  128  128  128  128  128
  104  114  123  128  128  128  128  128
  104  114  123  128  128  128  128  128
  102  113  122  128  128  128  128  128
  101  113  122  128  128  128  128  128
  101  112  122  128  128  128  128  128
  100  111  121  128  128  128  128  128
   99  111  121  127  128  128  128  128
   99  110  121  127  128  128  128  128
   98  110  121  127  128  128  128  128
   98  110  121  127  128  128  128  128
  100  111  122  128  128  128  128  128
  104  114  124  128  128  128  128  128
  106  115  124  127  128  128  128  128
  105  114  123  127  128  128  128  128
  103  112  122  127  128  128  128  128
  102  112  121  126  128  128  128  128
  101  111  120  126  127  128  128  128
  102  111  120  126  127  128  128  128
  102  112  119  124  127  128  128  128
  105  113  121  125  127  128  128  128
  108  114  122  126  127  128  128  128
  111  118  123  127  127  128  128  128
  115  120  125  128  128  128  128  128
  120  123  128  129  128  128  128  128
  123  126  130  130  129  128  128  128
  126  128  130  130  129  128  128  128
  128  128  130  130  129  128  128  128
  128  128  129  129  128  128  128  128
  128  128  128  128  128  128  128  128


rectr(:,:,3) =

  Columns 1 through 23

  125  125  125  125  126  126  126  126  126  126  125  125  124  124  122  125  130  132  132  132  132  132  132
  125  125  125  126  126  127  127  127  127  127  126  126  125  125  124  126  128  130  130  130  130  130  130
  125  125  126  126  127  128  128  128  129  129  128  128  127  127  127  126  126  125  125  125  125  125  125
  125  126  126  127  128  129  130  131  131  131  131  131  130  130  130  128  125  123  124  123  124  123  124
  126  126  127  128  130  131  132  134  135  135  135  135  134  134  134  131  128  126  126  126  126  126  126
  126  127  128  129  131  134  135  137  139  139  139  139  139  138  138  136  133  132  132  132  132  132  132
  126  127  128  130  132  135  139  141  142  143  143  143  143  142  142  141  142  143  143  143  143  143  143
  126  127  128  131  134  137  141  144  146  148  149  149  148  146  146  148  149  152  150  152  150  152  150
  126  127  129  131  135  139  142  146  149  149  149  148  146  146  145  146  147  149  148  149  148  149  148
  126  127  129  131  135  139  143  147  149  148  147  146  146  145  143  144  144  145  145  145  145  145  145
  125  126  128  131  135  139  143  149  148  147  140  145  145  144  141  140  138  137  137  137  137  137  137
  125  126  128  131  135  139  143  148  146  145  145  145  143  141  140  138  135  133  132  133  132  133  132
  124  125  127  130  134  139  143  147  145  146  145  144  141  139  138  135  134  132  131  132  131  132  131
  124  125  127  130  134  138  141  145  145  145  144  141  139  138  135  135  135  134  134  134  134  134  134
  122  124  127  130  134  138  141  145  144  144  143  140  138  135  133  135  139  139  139  139  139  139  139
  125  125  126  128  132  136  143  147  147  146  144  141  138  137  136  138  142  144  144  144  144  144  144
  131  129  125  125  128  134  145  152  154  152  148  145  141  141  143  144  145  145  145  145  145  145  145
  135  131  125  123  126  133  146  155  157  157  150  146  144  143  146  147  145  145  145  145  145  145  145
  135  131  125  123  126  133  146  154  158  157  152  147  146  145  148  148  147  146  146  146  146  146  146
  135  131  125  123  126  133  146  156  159  158  153  150  146  146  149  150  148  147  146  147  146  147  146
  134  131  125  123  126  134  147  157  160  159  156  151  148  149  151  152  149  148  147  148  147  148  147
  134  131  125  123  126  134  147  158  161  162  157  154  151  151  154  155  150  150  150  150  150  150  150
  133  130  125  123  126  136  148  157  164  164  159  156  154  155  157  157  153  151  151  151  151  151  151
  133  130  125  124  127  136  149  159  166  166  161  159  156  157  160  159  156  153  153  153  153  153  153
  132  130  125  124  127  137  151  160  166  168  165  161  160  160  164  163  159  157  157  157  157  157  157
  132  130  124  124  127  137  151  161  169  170  167  164  162  163  166  166  162  160  159  160  159  160  159
  132  130  124  124  127  137  152  162  170  172  170  167  165  166  170  170  165  164  163  164  163  164  163
  132  129  124  124  127  138  153  164  171  173  171  169  167  169  172  172  168  165  165  166  165  166  165
  131  129  124  124  129  138  153  164  172  175  173  171  170  172  175  174  171  169  169  169  169  169  169
  131  129  124  124  129  139  154  165  172  176  174  172  172  173  176  176  173  171  171  171  171  171  171
  131  129  124  123  129  139  154  165  174  176  175  173  173  174  177  177  175  173  173  172  172  172  172
  129  128  124  125  130  140  153  164  172  176  176  175  174  174  177  176  175  174  174  174  174  174  174
  125  125  126  128  133  141  152  160  169  174  176  176  175  175  173  173  172  173  172  173  172  173  172
  124  125  126  130  135  142  151  159  167  174  177  178  177  175  173  172  173  174  174  174  174  174  174
  124  125  127  130  135  144  152  160  168  175  178  180  179  177  174  174  175  175  175  175  175  175  175
  124  125  127  130  135  144  152  160  168  175  179  181  180  179  176  175  176  178  178  178  178  178  178
  125  126  127  130  136  144  152  160  169  175  180  182  180  180  177  177  179  178  179  178  179  178  179
  125  126  128  130  136  142  152  159  168  175  179  182  180  180  178  177  178  180  180  180  180  180  180
  126  127  128  131  135  142  151  157  166  173  178  180  180  180  177  177  178  178  178  178  178  178  178
  127  128  129  131  135  141  148  155  164  170  175  177  177  176  174  174  175  176  176  176  176  176  176
  128  128  129  130  134  139  146  153  160  166  170  172  172  171  170  170  170  171  171  171  171  171  171
  128  128  129  130  132  137  143  148  155  160  164  166  165  165  163  163  164  164  164  164  164  164  164
  129  129  128  129  130  134  140  143  149  154  157  159  157  156  154  155  156  157  157  157  157  157  157
  129  129  128  128  129  131  136  140  145  149  152  152  151  148  147  147  148  149  149  149  149  149  149
  130  129  128  127  127  128  131  135  139  142  144  144  142  140  136  136  139  140  140  140  140  140  140
  130  129  128  127  125  125  128  130  133  135  137  137  135  131  129  129  130  132  131  132  131  132  131
  131  130  128  125  125  125  125  128  130  131  132  131  129  126  124  124  125  127  126  127  126  127  126
  130  130  128  127  125  125  125  127  128  129  129  129  127  125  123  123  124  125  125  125  125  125  125
  129  129  128  128  127  127  127  128  128  128  128  128  128  127  126  126  127  127  127  127  127  127  127
  128  128  128  128  128  128  128  128  128  128  128  128  128  128  128  128  128  128  128  128  128  128  128

  Columns 24 through 46

  132  132  132  132  132  132  132  132  132  132  132  132  132  132  132  132  132  132  132  132  132  132  132
  130  130  130  130  130  130  130  130  130  130  130  130  130  130  130  130  130  130  130  130  130  130  130
  125  125  125  125  125  125  125  125  125  125  125  125  125  125  125  125  125  125  125  125  125  125  125
  123  124  123  124  123  124  123  124  123  124  123  124  123  124  123  124  123  124  123  124  123  124  123
  126  126  126  126  126  126  126  126  126  126  126  126  126  126  126  126  126  126  126  126  126  126  126
  132  132  132  132  132  132  132  132  132  132  132  132  132  132  132  132  132  132  132  132  132  132  132
  143  143  143  143  143  143  143  143  143  143  143  143  143  143  143  143  143  143  143  143  143  143  143
  152  150  152  150  152  150  152  150  152  150  152  150  152  150  152  150  152  150  152  150  152  150  152
  149  148  150  148  150  148  150  148  150  148  150  148  150  148  150  148  150  148  150  148  150  148  150
  145  145  145  145  145  145  145  145  145  145  145  145  145  145  145  145  145  145  145  145  145  145  145
  137  137  137  137  137  137  137  137  137  137  137  137  137  137  137  137  137  137  137  137  137  137  137
  133  132  133  132  133  132  133  132  133  132  133  132  133  132  133  132  133  132  133  132  133  132  133
  132  131  132  131  132  131  132  131  132  131  132  131  132  131  132  131  132  131  132  131  132  131  132
  134  134  134  134  134  134  134  134  134  134  134  134  134  134  134  134  134  134  134  134  134  134  134
  139  139  139  139  139  139  139  139  139  139  139  139  139  139  139  139  139  139  139  139  139  139  139
  144  144  144  144  144  144  144  144  144  144  144  144  144  144  144  144  144  144  144  144  144  144  144
  145  145  145  145  145  145  145  145  145  145  145  145  145  145  145  145  145  145  145  145  145  145  145
  145  145  145  145  145  145  145  145  145  145  146  145  146  145  146  145  146  145  146  145  146  145  146
  146  146  146  146  146  146  146  146  146  146  147  146  147  146  147  146  147  146  147  146  147  146  147
  147  146  147  146  147  146  147  146  147  147  149  148  149  148  149  148  149  148  149  148  149  148  149
  148  147  148  147  148  147  148  147  148  150  150  150  150  150  150  150  150  150  150  150  150  150  150
  150  150  150  150  150  150  150  150  150  151  152  152  152  152  152  152  152  152  152  152  152  152  152
  151  151  151  151  151  151  151  151  152  153  154  154  154  154  154  154  154  154  154  154  154  154  154
  153  153  153  153  153  153  153  153  155  156  156  156  156  156  156  156  156  156  156  156  156  156  156
  157  157  157  157  157  157  157  157  157  158  159  159  159  159  159  159  159  159  159  159  159  159  159
  160  159  160  159  160  159  160  159  160  161  161  161  161  161  161  161  161  161  161  161  161  161  161
  164  163  164  163  164  163  164  163  164  164  164  164  164  164  164  164  164  164  164  164  164  164  164
  166  165  166  165  166  165  166  165  166  165  166  165  166  165  166  165  166  165  166  165  166  165  166
  169  169  169  169  169  169  169  169  168  168  167  167  167  167  167  167  167  167  167  167  167  167  167
  171  171  171  171  171  171  171  171  170  169  170  168  170  168  170  168  170  168  170  168  170  168  170
  172  172  172  172  172  172  172  172  172  171  171  170  171  170  171  170  171  170  171  170  171  170  171
  174  174  174  174  174  174  174  174  173  171  172  171  172  171  172  171  172  171  172  171  172  171  172
  173  172  173  172  173  172  173  172  173  172  173  172  173  172  173  172  173  171  173  171  173  171  173
  174  174  174  174  174  174  174  174  174  174  174  174  174  174  174  174  174  174  174  174  174  174  174
  175  175  175  175  175  175  175  175  175  175  175  175  175  175  175  175  175  175  175  175  175  175  175
  178  178  178  178  178  178  178  178  178  178  178  178  178  178  178  178  178  178  178  178  178  178  178
  178  179  178  179  178  179  178  179  178  179  178  179  178  179  178  179  178  179  179  179  179  179  179
  180  180  180  180  180  180  180  180  180  180  180  180  180  180  180  180  180  180  180  180  180  180  180
  178  178  178  178  178  178  178  178  178  178  178  178  178  178  178  178  178  178  178  178  178  178  178
  176  176  176  176  176  176  176  176  176  176  176  176  176  176  176  176  176  176  176  176  176  176  176
  171  171  171  171  171  171  171  171  171  171  171  171  171  171  171  171  171  171  171  171  171  171  171
  164  164  164  164  164  164  164  164  164  164  164  164  164  164  164  164  164  164  164  164  164  164  164
  157  157  157  157  157  157  157  157  157  157  157  157  157  157  157  157  157  157  157  157  157  157  157
  149  149  149  149  149  149  149  149  149  149  149  149  149  149  149  149  149  149  149  149  149  149  149
  140  140  140  140  140  139  139  139  139  139  139  139  139  139  139  139  139  139  139  139  139  139  139
  132  131  132  131  132  131  132  131  132  131  132  131  132  131  132  131  132  131  132  131  132  131  132
  127  126  127  126  127  126  127  126  127  126  127  126  127  126  127  126  127  126  127  126  127  126  127
  125  125  125  125  125  125  125  125  125  125  125  125  125  125  125  125  125  125  125  125  125  125  125
  127  127  127  127  127  127  127  127  127  127  127  127  127  127  127  127  127  127  127  127  127  127  127
  128  128  128  128  128  128  128  128  128  128  128  128  128  128  128  128  128  128  128  128  128  128  128

  Columns 47 through 69

  132  132  132  132  132  132  132  132  132  132  132  132  132  132  132  132  132  132  132  132  132  132  132
  130  130  130  130  130  130  130  130  130  130  130  130  130  130  130  130  130  130  130  130  130  130  130
  125  125  125  125  125  125  125  125  125  125  125  125  125  125  125  125  125  125  125  125  125  125  125
  124  123  124  123  124  123  124  123  124  123  124  123  124  123  124  123  124  124  124  124  123  124  123
  126  126  126  126  126  126  126  126  126  126  126  126  126  126  126  126  126  126  126  126  126  126  126
  132  132  132  132  132  132  132  132  132  132  132  132  132  132  132  132  132  132  132  132  132  132  132
  143  143  143  143  143  143  143  143  143  143  143  143  143  143  143  143  143  143  143  143  142  143  142
  150  152  150  152  150  152  150  152  150  152  150  152  150  152  150  152  150  152  150  152  150  152  150
  148  150  148  150  148  150  148  150  148  150  148  150  148  150  148  150  148  150  148  150  148  150  148
  145  145  145  145  145  145  145  145  145  145  145  145  145  145  145  145  145  145  145  145  145  145  145
  137  137  137  137  137  137  137  137  137  137  137  137  137  137  137  137  137  137  137  137  137  137  137
  132  133  132  133  132  133  132  133  132  133  132  134  132  134  132  134  132  134  132  133  132  133  132
  131  132  131  132  131  132  131  132  131  132  131  132  131  132  131  132  131  132  131  132  131  132  131
  134  134  134  134  134  134  134  134  134  134  134  134  134  134  134  134  134  135  135  135  135  135  135
  139  139  139  139  139  139  139  139  139  139  139  139  139  139  139  139  139  139  140  140  140  140  140
  144  144  144  144  144  144  144  144  144  144  144  144  144  144  144  144  144  144  143  145  145  145  145
  145  143  143  142  142  142  142  142  142  142  142  142  142  142  142  142  142  143  145  146  146  146  146
  145  145  144  144  143  144  143  144  143  144  143  144  143  144  143  144  143  144  146  147  147  147  147
  146  146  145  145  144  145  144  145  144  145  144  145  144  145  144  145  144  145  146  147  147  147  147
  148  147  146  146  146  146  146  146  146  146  146  146  146  146  146  146  146  146  147  149  147  149  147
  150  150  149  148  149  148  149  148  149  148  149  148  149  148  149  148  149  148  149  150  149  150  149
  152  152  151  151  151  151  151  151  151  151  151  151  151  151  151  151  151  151  151  151  151  151  151
  154  154  153  153  153  153  153  153  153  153  153  153  153  153  153  153  153  153  152  152  152  152  152
  156  156  156  156  156  156  156  156  156  156  156  156  156  156  156  156  156  156  155  155  155  155  155
  159  159  159  159  159  159  159  159  159  159  159  159  159  159  159  159  159  158  157  157  157  157  157
  161  161  161  161  161  161  161  161  161  161  161  161  161  161  161  161  161  161  160  159  159  159  159
  164  164  165  165  165  165  165  165  165  165  165  165  165  165  165  165  165  164  163  163  163  163  163
  165  166  165  167  167  167  167  167  167  167  167  167  167  167  167  167  167  166  165  165  165  165  165
  167  168  168  168  168  168  168  168  168  168  168  168  168  168  168  168  168  168  168  168  168  168  168
  168  170  169  170  169  170  169  170  169  170  169  170  169  170  169  170  169  170  170  170  170  170  170
  170  171  171  171  171  171  171  171  171  171  171  171  171  171  171  171  171  171  171  171  171  171  171
  171  172  171  172  171  172  171  172  171  172  171  172  171  172  171  172  171  172  172  173  172  173  172
  171  173  172  173  172  173  172  173  172  173  172  173  172  173  172  173  172  173  172  173  172  173  172
  174  174  174  174  174  174  174  174  174  174  174  174  174  174  174  174  174  174  174  174  174  174  174
  175  175  175  175  175  175  175  175  175  175  175  175  175  175  175  175  175  175  175  175  175  175  175
  178  178  178  178  178  178  178  178  178  178  178  178  178  178  178  178  178  178  178  178  178  178  178
  179  179  179  179  179  179  179  179  179  179  179  179  179  179  179  179  179  179  179  179  179  179  179
  180  180  180  180  180  180  180  180  180  180  180  180  180  180  180  180  180  180  180  180  180  180  180
  178  178  178  178  178  178  178  178  178  178  178  178  178  178  178  178  178  178  178  178  178  178  178
  176  176  176  176  176  176  176  176  176  176  176  176  176  176  176  176  176  176  176  176  176  176  176
  171  171  171  171  171  171  171  171  171  171  171  171  171  171  171  171  171  171  171  171  171  171  171
  164  164  164  164  164  164  164  164  164  164  164  164  164  164  164  164  164  164  164  164  164  164  164
  157  157  157  157  157  157  157  157  157  157  157  157  157  157  157  157  157  157  157  157  157  157  157
  149  149  149  149  149  149  149  149  149  149  148  148  148  148  148  148  148  148  148  148  148  148  148
  139  139  139  139  139  139  139  139  139  139  139  139  139  139  139  139  139  139  139  139  139  139  139
  131  132  131  132  131  132  131  132  131  132  131  132  131  132  131  132  131  132  131  132  131  132  131
  126  127  126  127  126  127  126  127  126  127  126  127  126  127  126  127  126  127  126  127  126  127  126
  125  125  125  125  125  125  125  125  125  125  125  125  125  125  125  125  125  125  125  125  125  125  125
  127  127  127  127  127  127  127  127  127  127  127  127  127  127  127  127  127  127  127  127  127  127  127
  128  128  128  128  128  128  128  128  128  128  128  128  128  128  128  128  128  128  128  128  128  128  128

  Columns 70 through 92

  132  132  132  132  132  132  132  132  132  132  131  131  129  127  126  123  124  124  127  128  129  129  128
  130  130  130  130  130  130  130  130  130  130  130  131  130  127  125  124  124  125  127  129  130  130  128
  125  125  125  125  125  125  125  125  125  125  127  130  130  128  127  125  125  127  128  130  131  131  130
  124  123  124  123  124  123  124  123  124  123  125  131  132  130  129  126  127  129  130  132  133  133  132
  126  126  126  126  126  126  126  126  126  126  128  133  135  132  131  129  130  131  133  135  136  137  135
  132  132  132  131  132  131  132  131  132  131  134  137  137  135  134  131  132  134  136  138  140  140  138
  143  142  143  142  143  142  143  142  143  142  143  141  141  138  137  134  136  137  139  143  144  144  143
  152  150  151  150  152  150  152  150  152  150  150  147  145  142  140  139  139  142  144  147  150  150  148
  150  148  150  148  150  148  149  148  149  148  147  145  143  141  139  138  138  141  143  146  149  152  150
  145  145  145  145  145  145  145  145  145  145  144  143  142  140  138  137  138  140  142  145  148  150  150
  137  137  137  137  137  137  137  137  137  137  138  139  141  139  138  136  138  139  141  143  146  147  150
  133  132  133  132  133  132  133  132  133  132  135  138  139  137  136  136  136  138  140  144  145  146  149
  132  131  132  131  132  131  132  131  132  131  133  137  138  136  135  135  135  137  140  143  145  146  147
  135  135  135  135  135  135  135  135  135  135  135  138  137  135  134  134  135  136  139  142  144  145  147
  140  140  140  140  140  140  140  140  140  140  140  138  137  135  134  134  135  136  139  143  145  146  148
  145  145  145  145  145  145  145  145  145  145  144  141  140  137  136  135  135  139  140  145  147  148  149
  146  146  146  146  146  146  146  146  146  146  146  146  145  141  140  138  138  141  145  150  152  152  153
  147  147  147  147  147  147  147  147  147  147  148  149  148  145  142  139  140  144  148  152  154  154  153
  147  147  147  147  147  147  147  147  147  147  148  150  149  146  144  140  141  145  150  153  156  155  154
  149  147  149  147  149  147  149  147  149  147  150  152  150  147  145  142  144  146  150  156  156  157  154
  150  149  150  149  150  149  150  149  150  149  150  153  153  150  146  145  146  148  153  157  159  159  155
  151  151  151  151  151  151  151  151  151  151  152  155  155  152  150  147  149  152  156  159  161  160  156
  152  152  152  152  152  152  152  152  152  152  155  158  158  154  152  150  151  154  158  161  163  163  159
  155  155  155  155  155  155  155  155  155  155  157  160  160  156  156  153  154  158  161  165  165  165  160
  157  157  157  157  157  157  157  157  157  157  159  162  163  160  158  157  158  160  164  167  170  167  161
  159  159  159  159  159  159  159  159  159  159  161  165  166  162  161  160  161  164  167  171  172  169  163
  163  163  163  163  163  163  163  163  163  163  164  167  168  165  163  162  164  166  170  174  174  171  164
  165  165  165  165  165  165  165  165  165  165  167  171  171  167  166  165  166  170  172  176  175  172  165
  168  168  168  168  168  168  168  168  168  168  170  172  172  170  168  167  169  172  175  176  177  172  166
  170  170  170  170  171  170  171  170  171  170  171  174  174  172  170  169  170  173  177  178  178  174  167
  171  171  171  171  171  171  171  171  171  171  173  175  175  173  171  171  172  174  177  179  179  174  166
  173  172  173  172  173  172  173  172  173  172  174  175  175  173  172  171  172  174  176  177  176  172  165
  173  172  173  172  173  172  173  172  173  172  172  173  173  172  172  171  172  173  174  174  173  168  161
  174  174  174  174  174  174  174  174  174  174  174  173  173  172  172  173  173  174  174  174  172  167  160
  175  175  175  175  175  175  175  175  175  175  175  175  174  174  175  175  176  177  177  177  174  169  161
  178  178  178  178  178  178  178  178  178  178  178  176  176  176  176  178  179  180  180  180  176  170  163
  179  179  179  179  179  179  179  179  179  179  179  178  177  179  180  180  181  183  183  182  178  172  164
  180  180  180  180  180  180  180  180  180  180  180  179  179  179  180  181  183  183  185  184  180  173  164
  178  178  178  178  178  178  178  178  178  178  178  178  179  178  179  181  183  184  184  183  179  172  164
  176  176  176  176  176  176  176  176  176  176  176  175  175  176  177  178  180  182  182  181  177  171  161
  171  171  171  171  171  171  171  171  171  171  171  171  171  171  172  173  175  177  177  177  173  166  159
  164  164  164  164  164  164  164  164  164  164  165  165  165  164  165  166  167  169  169  169  167  162  155
  157  157  157  157  157  157  157  157  157  157  157  157  157  157  156  156  157  158  159  161  159  155  149
  148  148  148  148  148  148  148  148  148  148  148  150  150  148  148  146  146  148  149  151  150  148  145
  139  139  139  139  139  139  139  139  139  139  140  141  141  140  138  136  135  137  138  140  141  140  139
  132  131  132  131  132  131  132  131  132  131  134  135  135  132  130  128  127  127  129  131  134  135  135
  127  126  127  126  127  126  127  126  127  126  128  130  130  127  124  121  121  121  123  125  128  131  131
  125  125  125  125  125  125  125  125  125  125  126  128  128  125  123  121  120  120  122  124  126  128  129
  127  127  127  127  127  127  127  127  127  127  127  128  128  127  126  126  125  125  126  127  127  128  128
  128  128  128  128  128  128  128  128  128  128  128  128  128  128  128  128  128  128  128  128  128  128  128

  Columns 93 through 100

  123  121  116  118  125  128  128  128
  124  122  117  119  125  128  128  128
  125  123  119  120  125  128  128  128
  129  125  122  122  125  128  128  128
  132  129  125  124  127  128  128  128
  135  132  129  127  128  128  128  128
  139  136  132  129  128  128  128  128
  143  138  135  132  129  128  128  128
  145  141  137  134  129  128  128  128
  146  141  138  134  130  128  128  128
  146  141  138  135  130  128  128  128
  145  141  138  135  130  128  128  128
  144  140  136  133  130  128  128  128
  144  140  137  133  130  128  128  128
  143  140  136  134  130  128  128  128
  145  140  136  131  129  128  128  128
  146  139  133  129  128  128  128  128
  147  139  131  128  128  128  128  128
  147  138  131  128  128  128  128  128
  147  138  131  128  128  128  128  128
  148  140  131  128  128  128  128  128
  149  140  133  128  128  128  128  128
  150  140  133  129  128  128  128  128
  151  142  134  129  128  128  128  128
  151  142  134  129  128  128  128  128
  153  143  134  129  128  128  128  128
  154  144  135  129  128  128  128  128
  155  144  135  130  128  128  128  128
  155  145  135  130  128  128  128  128
  156  145  135  130  128  128  128  128
  156  145  135  130  128  128  128  128
  154  145  135  130  129  128  128  128
  152  145  137  132  129  128  128  128
  151  144  137  133  130  128  128  128
  152  145  137  132  129  128  128  128
  153  144  136  131  129  128  128  128
  153  144  135  130  129  128  128  128
  153  143  134  129  128  128  128  128
  152  141  133  128  128  128  128  128
  150  140  133  128  128  128  128  128
  148  140  132  127  128  128  128  128
  146  139  131  127  128  128  128  128
  142  136  131  127  128  128  128  128
  138  134  129  127  128  128  128  128
  135  132  128  127  128  128  128  128
  132  130  128  127  128  128  128  128
  131  130  128  128  128  128  128  128
  129  129  128  128  128  128  128  128
  128  128  128  128  128  128  128  128
  128  128  128  128  128  128  128  128

