
rectdc(:,:,1) =

  Columns 1 through 23

  176  178  178  176  174  176  178  177  178  178  179  179  181  181  182  179  172  169  169  169  169  169  169
  184  183  182  181  182  181  179  176  178  178  180  180  181  181  183  180  177  174  174  174  174  174  174
  177  175  173  175  176  175  173  171  176  176  177  177  178  178  178  180  180  181  181  181  181  181  181
  183  181  182  183  182  179  178  180  175  175  175  175  176  176  176  179  182  183  185  183  185  183  185
  183  184  185  184  173  163  162  168  168  168  168  168  169  169  169  170  175  176  177  176  177  176  177
  181  178  180  178  160  137  127  127  118  118  118  118  118  120  120  120  123  124  124  124  124  124  124
  192  186  187  186  168  137  108   99  108  106  106  106  106  108  108  106  105  103  103  103  103  103  103
  186  177  178  182  168  130   92   71   52   50   49   49   50   52   52   50   46   45   45   45   45   45   45
  187  190  184  182  170  119  109   57   49   62   72  113  144  138  144  148  144  141  141  141  141  141  141
  188  190  185  183  171  119  108   57   71  155  203  212  206  206  219  214  212  211  212  211  212  211  212
  190  193  187  185  172  119  109   59  110  195  231  216  205  214  227  210  220  220  222  220  222  220  222
  192  194  188  187  173  118  110   63  176  213  214  211  215  219  227  219  229  231  231  231  231  231  231
  196  195  190  190  176  118  111   69  168  196  202  211  214  205  213  220  220  223  223  223  223  223  223
  197  196  191  193  177  120  114   75  176  208  210  211  214  211  221  218  222  224  224  224  224  224  224
  200  199  192  194  178  120  115   78  179  201  192  191  199  203  210  199  204  203  203  203  203  203  203
  199  197  192  195  179  120  116   80  163  186  191  205  209  195  204  209  202  200  200  200  200  200  200
  197  197  201  194  180  125  113   93  161  178  184  183  190  194  194  196  192  190  190  190  190  190  190
  196  196  200  195  183  127  114   93  158  174  179  175  183  187  190  192  186  183  185  183  185  183  185
  197  197  201  196  182  125  114   95  154  171  177  171  177  181  183  186  180  177  178  177  178  177  178
  199  198  202  198  183  125  115   99  147  166  173  167  171  175  178  182  174  172  173  172  173  172  173
  202  199  203  201  185  125  114  103  137  158  166  161  165  170  172  177  170  167  169  167  169  167  169
  203  200  204  203  186  124  115  105  124  148  158  155  161  164  166  171  165  164  164  164  164  164  164
  205  201  205  205  186  124  115  107  109  135  150  149  155  157  159  165  159  158  158  158  158  158  158
  205  201  205  205  187  122  114  107  100  125  142  143  149  152  153  158  155  153  153  153  153  153  153
  210  208  207  206  190  120  112  117  105  110  121  134  144  147  147  144  150  150  149  149  149  149  149
  211  209  209  206  191  120  111  118  104  104  111  122  132  139  146  148  142  143  143  143  144  144  145
  214  209  210  208  192  119  111  120  108  104  103  108  118  129  139  144  140  140  140  140  140  140  140
  216  210  212  210  193  119  112  122  117  108  104  103  107  116  127  132  140  140  141  138  139  136  137
  217  211  213  213  193  117  112  126  121  112  105  103  104  110  117  121  133  133  135  134  135  134  136
  219  211  214  215  195  117  113  128  120  113  108  106  109  112  115  119  122  123  125  127  130  131  134
  220  212  215  216  196  117  113  131  122  115  111  111  112  115  117  118  119  119  123  122  126  126  129
  222  214  215  217  196  117  114  133  127  120  115  114  114  116  118  120  124  124  124  123  123  122  123
  223  223  218  215  197  118  115  140  132  125  122  121  122  125  129  129  128  126  128  126  128  126  128
  225  225  222  217  199  120  117  143  135  128  125  124  127  128  132  132  129  128  128  128  128  128  128
  227  227  224  220  201  121  119  147  138  131  126  125  128  131  133  133  132  131  131  131  131  131  131
  229  227  225  222  202  120  119  150  140  133  129  128  129  132  135  135  133  132  133  132  133  132  133
  228  226  223  222  202  119  119  154  144  137  132  130  132  133  136  137  136  134  136  134  136  134  136
  229  226  224  224  203  119  120  158  148  141  136  133  134  136  138  140  138  138  138  138  138  138  138
  231  228  226  227  206  120  123  163  154  147  141  138  138  140  142  144  144  144  144  144  144  144  144
  233  228  227  229  208  122  127  170  160  153  148  145  145  146  149  151  151  151  151  151  151  151  151
  231  224  229  225  223  120  131  182  170  163  157  153  155  156  157  159  160  159  159  159  159  159  158
  236  231  234  225  218  120  135  185  176  169  165  163  165  166  169  169  166  166  166  166  166  166  166
  228  229  239  234  225  136  149  189  185  179  175  175  177  180  184  184  181  181  182  183  183  184  184
  231  233  238  231  211  128  121  133  127  121  119  120  123  127  129  130  132  131  132  133  134  135  136
  233  234  234  235  222  165  154  149  140  138  136  137  141  144  147  150  149  150  151  152  153  154  154
  233  234  231  244  247  231  236  227  224  221  221  222  226  230  233  234  230  229  229  230  231  231  232
  241  242  234  240  239  238  248  234  233  232  230  232  235  240  243  244  239  238  238  239  239  239  239
  235  241  237  243  235  239  251  233  237  236  236  236  237  240  243  243  245  243  243  242  242  242  242
  240  240  241  241  241  241  241  240  240  240  240  240  240  241  243  243  241  241  241  241  241  241  241
  240  240  240  240  240  240  240  240  240  240  240  240  240  240  240  240  240  240  240  240  240  240  240

  Columns 24 through 46

  169  169  169  169  169  169  169  169  169  169  169  169  169  169  169  169  169  169  169  169  169  169  169
  174  174  174  174  174  174  174  174  174  174  174  174  174  174  174  174  174  172  172  172  172  172  172
  181  181  181  181  181  181  181  181  181  181  181  181  181  181  181  181  181  181  181  181  181  181  181
  183  185  183  185  183  185  183  185  183  185  183  185  183  185  183  185  183  185  183  185  183  185  183
  176  177  176  177  176  177  176  177  176  177  176  177  176  177  176  177  176  176  175  176  175  176  175
  124  124  124  124  124  124  124  124  124  124  124  124  124  124  124  124  124  128  128  128  128  128  128
  103  103  103  103  103  103  103  103  103  103  103  103  103  103  103  103  103  110  110  110  110  110  110
   45   45   45   45   45   45   45   45   45   45   45   45   45   45   45   45   45   45   45   45   45   45   45
  141  134  134  134  134  134  134  134  134  134  134  134  134  134  134  134  134  134  134  134  134  134  134
  211  215  214  215  214  215  214  215  214  215  214  215  214  215  214  215  214  215  214  215  214  215  214
  220  219  217  219  217  219  217  219  217  219  217  219  217  219  217  219  217  219  217  219  217  219  217
  231  232  232  232  232  232  232  232  232  232  232  232  232  232  232  232  232  232  232  232  232  232  232
  223  223  223  223  223  223  223  223  223  223  223  223  223  223  223  223  223  223  223  223  223  223  223
  224  219  219  219  219  219  219  219  219  219  219  219  219  219  219  219  219  219  219  219  219  219  219
  203  208  208  208  208  208  208  208  208  208  208  208  208  208  208  208  208  208  208  208  208  208  208
  200  197  197  197  197  197  197  197  197  197  197  197  197  197  197  197  197  197  197  197  197  197  197
  190  188  188  188  188  188  188  188  188  190  190  190  190  190  190  190  190  190  190  190  190  190  190
  183  185  183  185  183  185  183  185  183  185  183  185  183  185  183  185  183  185  183  185  183  185  183
  177  179  178  179  178  179  178  179  178  178  177  178  177  178  177  178  177  178  177  178  177  178  177
  172  174  173  174  173  174  173  174  173  173  172  173  172  173  172  173  172  173  172  173  172  173  172
  167  171  169  171  169  171  169  171  169  169  167  169  167  169  167  169  167  169  167  169  167  169  167
  164  164  164  164  164  164  164  164  164  164  164  164  164  164  164  164  164  164  164  164  164  164  164
  158  157  157  157  157  157  157  157  157  158  158  158  158  158  158  158  158  158  158  158  158  158  158
  153  152  152  152  152  152  152  152  152  153  153  153  153  153  153  153  153  153  153  153  153  153  153
  149  148  148  148  148  148  148  148  148  148  148  148  148  148  148  148  148  148  148  148  148  148  148
  145  145  145  145  145  145  145  145  145  145  145  145  145  145  145  145  145  145  145  145  145  145  145
  140  140  140  140  140  140  140  140  140  140  140  140  140  140  140  140  140  140  140  140  140  140  140
  135  136  134  136  134  136  134  136  134  136  134  136  134  136  134  136  134  136  134  136  134  136  134
  135  134  133  134  133  134  133  134  133  134  133  134  133  134  133  134  133  134  133  134  133  134  133
  134  134  133  134  133  134  133  134  133  134  133  134  133  134  133  134  133  134  133  134  133  134  133
  128  131  129  131  129  131  129  131  129  131  129  131  129  131  129  131  129  131  129  131  129  131  129
  121  125  124  125  124  125  124  125  124  125  124  125  124  125  124  125  124  125  124  125  124  125  124
  126  128  126  128  126  128  126  128  126  128  126  128  126  128  126  128  126  129  127  129  127  129  127
  128  128  128  128  128  128  128  128  128  128  128  128  128  128  128  128  128  128  128  128  128  128  128
  131  131  131  131  131  131  131  131  131  131  131  131  131  131  131  131  131  131  131  131  131  131  131
  132  133  132  133  132  133  132  133  132  133  132  133  132  133  132  133  132  132  131  132  131  132  131
  134  136  134  136  134  136  134  136  134  136  134  136  134  136  134  136  134  135  133  135  133  135  133
  138  138  138  138  138  138  138  138  138  138  138  138  138  138  138  138  138  137  137  137  137  137  137
  144  144  144  144  144  144  144  144  144  144  144  144  144  144  144  144  144  145  145  145  145  145  145
  151  151  151  151  151  151  151  151  151  151  151  151  151  151  151  151  151  152  152  152  152  152  152
  158  159  159  158  158  158  158  158  158  161  160  160  160  160  160  159  159  161  161  161  161  161  160
  167  170  170  170  170  170  170  170  171  169  169  169  169  169  170  170  170  169  169  169  169  169  170
  185  179  179  180  180  181  182  182  182  181  181  181  182  183  183  184  184  182  183  183  184  185  185
  136  138  139  139  140  141  142  143  143  146  146  147  148  149  150  151  151  151  152  153  154  155  156
  155  157  157  158  159  160  161  161  162  164  164  165  166  167  168  169  169  169  170  171  172  173  174
  232  226  227  227  228  228  229  230  230  227  227  228  228  229  230  230  230  229  229  230  230  231  231
  239  242  242  242  243  243  243  243  243  240  240  240  240  240  240  240  240  240  240  240  240  240  240
  242  242  242  242  242  241  241  241  241  242  242  242  241  241  241  241  241  243  243  242  242  242  242
  241  241  241  241  241  241  241  241  241  241  241  241  241  241  241  241  241  241  241  241  241  241  241
  240  240  240  240  240  240  240  240  240  240  240  240  240  240  240  240  240  240  240  240  240  240  240

  Columns 47 through 69

  169  169  170  170  170  170  170  170  170  170  169  169  169  169  169  169  169  169  173  173  173  173  173
  172  172  173  173  173  173  173  173  173  173  174  174  174  174  174  174  174  176  175  175  175  175  175
  181  181  180  180  180  180  180  180  180  180  182  182  182  182  182  182  182  182  184  184  184  184  184
  185  183  184  182  184  182  184  182  184  182  183  181  183  181  183  181  183  183  186  186  187  186  188
  176  175  177  176  177  176  177  176  177  176  177  176  177  176  177  176  177  177  177  178  180  178  181
  128  128  133  133  133  133  133  133  133  133  136  136  136  136  136  136  136  136  137  137  139  138  140
  110  110  113  113  113  113  113  113  113  113  116  116  116  116  116  116  116  116  118  118  121  119  122
   45   45   44   44   44   44   44   44   44   44   45   45   45   45   45   45   45   45   41   39   42   41   44
  134  134  134  134  134  134  134  134  134  134  132  132  132  132  132  132  132  132  134  133  134  133  134
  215  214  215  214  215  214  215  214  215  214  217  216  217  216  217  216  217  216  214  212  214  212  214
  219  217  219  217  219  217  219  217  219  217  219  217  219  217  219  217  219  217  217  216  217  216  217
  232  232  232  232  232  232  232  232  232  232  230  230  230  230  230  230  230  230  231  231  231  231  231
  223  223  223  223  223  223  223  223  223  223  225  225  225  225  225  225  225  225  222  222  222  222  222
  219  219  219  219  219  219  219  219  219  219  220  220  220  220  220  220  220  218  217  216  217  216  217
  208  208  208  208  208  208  208  208  208  208  205  205  205  205  205  205  205  205  206  205  206  205  206
  197  197  197  197  197  197  197  197  197  197  198  198  198  198  198  198  198  198  195  195  195  195  195
  190  190  190  190  190  190  190  190  190  190  190  190  190  190  190  190  190  190  189  189  189  189  189
  185  183  185  183  185  183  185  183  185  183  185  183  185  183  185  183  185  183  185  183  185  183  185
  178  177  178  177  178  177  178  177  178  177  178  177  178  177  178  177  178  177  178  177  178  177  178
  173  172  173  172  173  172  173  172  173  172  173  172  173  172  173  172  173  172  172  171  172  171  172
  169  167  169  167  169  167  169  167  169  167  169  167  169  167  169  167  169  167  168  166  168  166  168
  164  164  164  164  164  164  164  164  164  164  164  164  164  164  164  164  164  164  162  162  162  162  162
  158  158  158  158  158  158  158  158  158  158  158  158  158  158  158  158  158  158  156  156  156  156  156
  153  153  153  153  153  153  153  153  153  153  153  153  153  153  153  153  153  153  151  151  151  151  151
  148  148  147  147  147  147  147  147  147  147  149  149  149  149  149  149  149  149  147  147  147  147  147
  145  145  145  145  145  145  145  145  145  145  145  145  145  145  145  145  145  145  145  145  145  145  145
  140  140  141  141  141  141  141  141  141  141  140  140  140  140  140  140  140  140  140  140  140  140  140
  136  134  137  135  137  135  137  135  137  135  139  137  139  137  139  137  139  137  136  134  136  134  136
  134  133  135  134  135  134  135  134  135  134  136  135  136  135  136  135  136  135  134  133  134  133  134
  134  133  134  133  134  133  134  133  134  133  133  132  133  132  133  132  133  132  133  132  133  132  133
  131  129  130  128  130  128  130  128  130  128  128  126  128  126  128  126  128  126  128  126  128  126  128
  125  124  124  123  124  123  124  123  124  123  124  123  124  123  124  123  124  123  122  121  122  121  122
  129  127  129  127  129  127  129  127  129  127  127  125  127  125  127  125  127  125  127  125  127  125  127
  128  128  128  128  128  128  128  128  128  128  127  127  127  127  127  127  127  127  127  127  127  127  127
  131  131  131  131  131  131  131  131  131  131  130  130  130  130  130  130  130  130  130  130  130  130  130
  132  131  132  131  132  131  132  131  132  131  132  131  132  131  132  131  132  131  132  131  132  131  132
  135  133  135  133  135  133  135  133  135  133  135  133  135  133  135  133  135  133  135  133  135  133  135
  137  137  137  137  137  137  137  137  137  137  137  137  137  137  137  137  137  137  137  137  137  137  137
  145  145  145  145  145  145  145  145  145  145  143  143  143  143  143  143  143  143  143  143  143  143  143
  152  152  152  152  152  152  152  152  152  152  150  150  150  150  150  150  150  150  150  150  150  150  150
  160  160  160  160  160  160  159  159  159  159  160  160  160  160  160  159  159  159  158  158  158  158  157
  170  170  167  167  168  168  168  168  168  168  170  170  170  171  171  171  171  171  168  168  168  168  168
  186  186  184  184  185  185  186  186  187  187  180  181  181  182  182  183  184  184  181  181  182  182  183
  156  157  157  157  158  159  160  161  162  162  165  166  166  167  168  169  170  171  171  171  172  173  174
  174  175  175  175  176  177  178  179  180  180  183  184  184  185  186  187  188  188  189  189  190  191  192
  232  232  230  230  231  231  232  233  233  233  227  227  227  228  229  229  230  230  229  229  229  230  231
  240  240  238  238  238  238  239  239  239  239  241  241  241  241  241  242  242  242  240  240  240  241  241
  242  241  241  241  241  241  241  240  240  240  242  241  241  241  241  241  241  240  241  241  241  241  241
  241  241  241  241  241  241  241  241  241  241  241  241  241  241  241  241  241  241  241  241  241  241  241
  240  240  240  240  240  240  240  240  240  240  240  240  240  240  240  240  240  240  240  240  240  240  240

  Columns 70 through 92

  172  172  172  174  174  174  174  174  174  174  171  166  165  168  169  172  170  170  168  167  162  163  168
  175  175  175  176  176  176  176  176  176  176  173  170  169  173  174  176  176  174  173  173  167  165  172
  184  184  184  183  183  183  183  183  183  183  181  177  176  180  181  183  183  181  180  179  173  171  175
  187  188  187  186  185  186  185  186  185  186  183  179  179  182  184  186  185  185  182  179  179  181  184
  179  182  180  182  180  182  180  182  180  182  180  179  179  181  183  186  184  184  181  164  169  174  176
  140  141  141  145  144  145  144  145  144  145  144  147  147  149  151  154  152  151  149  156  158  159  153
  121  124  122  125  123  125  123  125  123  125  123  127  129  130  132  134  133  132  129  123  121  116  113
   43   45   44   42   40   42   40   42   40   42   42   42   42   45   46   47   47   46   43   47   41   38   47
  133  134  133  135  135  137  138  142  143  146  147  152  157  164  166  165  158  150  143  103   74   23   42
  212  214  212  208  206  209  208  211  210  213  213  208  210  214  216  217  213  209  204  193  164   94   49
  216  217  216  221  220  220  219  220  218  219  219  225  226  228  229  229  230  231  227  232  223  167   73
  231  231  231  230  230  230  229  229  228  228  227  226  225  227  228  230  230  229  228  217  224  201   87
  222  222  222  220  220  220  220  220  221  221  221  227  228  231  231  232  231  227  224  221  219  209   89
  216  217  216  218  217  219  219  220  220  221  221  214  216  220  220  222  218  213  210  215  207  206   95
  205  206  205  198  198  199  198  199  199  200  199  205  205  208  209  211  208  204  200  191  185  190   95
  195  195  195  196  196  196  196  195  195  195  194  192  193  196  196  197  197  196  192  192  185  181   84
  189  189  189  188  188  188  188  188  188  188  186  184  184  188  191  192  191  188  183  179  169  178   87
  183  185  183  184  182  184  182  184  182  184  182  180  180  184  187  189  188  184  178  174  166  173   89
  177  178  177  177  176  177  176  177  176  177  176  174  176  180  183  184  183  178  173  167  162  165   93
  171  172  171  172  171  172  171  172  171  172  171  170  171  175  178  180  178  174  168  163  160  155   96
  166  168  166  168  166  168  166  168  166  168  166  164  164  169  171  173  171  167  163  159  158  143  100
  162  162  162  163  163  163  163  163  163  163  161  159  159  163  166  167  166  163  157  154  150  127  100
  156  156  156  157  157  157  157  157  157  157  156  152  152  156  159  160  159  156  150  146  142  111   97
  151  151  151  152  152  152  152  152  152  152  151  146  146  150  153  154  153  149  145  138  134  100   95
  147  147  147  148  148  148  148  148  148  148  146  145  144  147  149  150  148  145  140  133  107   99   99
  145  145  145  144  144  144  144  144  144  144  143  136  137  144  146  147  144  139  134  115   95   94   99
  140  140  140  139  139  139  139  139  139  139  138  131  133  140  143  143  137  127  120  102   90   97  105
  134  136  134  138  136  138  136  138  136  138  135  131  132  136  135  133  124  114  107  103   95  106  112
  133  134  133  135  134  135  134  135  134  135  133  129  128  129  126  123  117  108  104  105   99  111  114
  132  133  132  132  131  132  131  132  131  132  129  122  120  121  120  119  116  112  109  105   98  110  115
  126  128  126  127  125  127  125  127  125  127  124  119  117  119  119  119  119  116  112  107  102  114  120
  121  122  121  123  122  123  122  123  122  123  122  121  120  123  122  122  119  115  112  114  109  123  129
  125  127  125  127  125  127  125  127  125  127  127  127  128  128  127  127  124  121  120  119  124  125  136
  127  127  127  127  127  127  127  127  127  127  128  130  131  130  130  128  126  124  123  123  128  131  142
  130  130  130  130  130  130  130  130  130  130  130  131  132  132  131  130  128  127  125  126  133  135  146
  131  132  131  132  131  132  131  132  131  132  132  132  134  134  134  132  131  129  129  130  137  139  147
  133  135  133  135  133  135  133  135  133  135  133  133  135  135  135  135  133  133  132  131  141  142  150
  137  137  137  137  137  137  137  137  137  137  137  136  136  139  139  139  137  137  137  137  145  148  154
  143  143  143  143  143  143  143  143  143  143  141  140  140  143  143  144  144  144  143  142  151  155  159
  150  150  150  150  150  150  150  150  150  150  148  147  147  148  150  152  152  151  151  149  158  161  164
  157  157  157  157  157  157  157  157  157  157  157  155  155  158  159  162  162  161  161  159  160  168  177
  168  169  169  167  167  167  167  167  167  167  165  165  165  168  171  172  172  172  171  169  169  174  179
  184  184  185  184  184  184  184  184  184  184  182  182  182  183  186  187  187  187  186  184  183  185  191
  175  175  176  178  178  178  178  178  178  178  177  176  176  179  180  183  183  183  182  179  178  180  184
  193  194  194  196  196  196  196  196  196  196  194  194  194  197  198  201  201  200  198  196  194  194  196
  231  232  232  231  231  231  231  231  231  231  229  229  229  232  235  237  237  236  233  229  227  226  226
  241  241  241  240  240  240  240  240  240  240  238  238  238  241  242  245  245  244  241  235  233  232  230
  240  240  240  241  241  241  241  241  241  241  240  239  239  242  244  245  245  244  242  237  238  237  237
  241  241  241  241  241  241  241  241  241  241  241  240  240  241  241  243  243  241  241  240  240  240  240
  240  240  240  240  240  240  240  240  240  240  240  240  240  240  240  240  240  240  240  240  240  240  240

  Columns 93 through 100

  173  170  174  178  176  175  175  175
  180  181  183  185  178  175  175  175
  181  183  186  184  181  177  177  177
  189  192  196  196  182  178  178  178
  177  181  189  193  183  180  180  180
  151  159  170  176  182  181  181  181
  124  146  166  176  182  183  183  183
   80  124  156  172  179  183  183  183
   74  153  137  175  182  186  186  186
   67  148  152  180  183  186  186  186
   81  158  168  179  187  188  188  188
   96  162  175  181  189  189  189  189
   98  155  175  196  191  191  191  191
  100  154  164  198  191  192  192  192
  100  160  154  189  191  194  194  194
   90  165  155  192  191  194  194  194
  102  158  170  190  196  197  197  197
  104  161  174  197  197  197  197  197
  105  161  177  201  199  199  199  199
  106  161  177  202  200  200  200  200
  109  163  179  201  202  202  202  202
  109  166  181  200  203  203  203  203
  112  171  185  201  205  205  205  205
  113  173  186  202  205  205  205  205
  126  167  184  202  208  208  208  208
  128  169  186  206  208  208  208  208
  132  169  188  209  210  210  210  210
  135  169  188  211  211  211  211  211
  134  167  189  214  213  213  213  213
  135  169  190  216  214  214  214  214
  140  172  192  215  216  216  216  216
  149  178  194  213  216  216  216  216
  160  177  199  221  219  218  218  218
  164  180  200  223  219  218  218  218
  166  181  201  223  220  220  220  220
  166  179  199  223  221  221  221  221
  167  179  197  222  223  223  223  223
  167  178  196  221  223  224  224  224
  171  179  196  222  225  226  226  226
  173  181  196  222  225  226  226  226
  178  180  200  226  228  229  229  229
  179  179  199  223  228  229  229  229
  190  193  209  230  230  231  231  231
  185  191  207  224  232  232  232  232
  200  206  219  229  234  234  234  234
  227  232  240  243  236  235  235  235
  233  236  239  238  238  237  237  237
  239  242  245  242  238  237  237  237
  240  240  241  241  240  240  240  240
  240  240  240  240  240  240  240  240


rectdc(:,:,2) =

  Columns 1 through 23

  169  171  171  169  169  171  173  172  173  173  172  172  171  171  170  172  177  179  179  179  179  179  179
  177  176  175  176  177  179  177  174  176  176  175  175  174  174  173  175  177  179  179  179  179  179  179
  170  168  168  170  174  175  173  171  178  178  177  177  176  176  176  175  175  174  174  174  174  174  174
  176  176  177  181  182  181  183  187  182  182  182  182  181  181  181  179  177  175  175  175  175  175  175
  178  179  183  184  178  170  172  180  182  182  182  182  181  181  181  180  177  175  175  175  175  175  175
  176  176  180  180  167  149  141  146  141  141  141  141  141  139  139  139  137  136  136  136  136  136  136
  187  184  187  191  178  151  131  124  135  136  136  136  136  135  135  135  136  137  137  137  137  137  137
  181  175  178  189  180  149  117  101   84   85   86   86   85   84   84   85   87   89   88   89   88   89   88
  182  188  186  189  184  142  136   89   86  101  111  152  181  175  179  185  186  188  187  188  187  188  187
  183  188  187  190  185  142  138   92  110  197  245  251  245  243  254  249  249  250  249  250  249  250  249
  183  188  187  192  186  142  139   96  149  237  255  255  242  249  255  239  243  242  241  242  241  242  241
  185  189  188  194  187  141  140  100  215  252  253  248  250  249  254  242  243  242  241  242  241  242  241
  186  188  188  195  188  141  141  104  205  235  239  246  244  230  236  237  231  229  228  229  228  229  228
  187  189  189  198  189  139  141  107  213  245  245  241  239  234  238  232  233  232  232  232  232  232  232
  188  189  190  199  190  139  142  110  214  236  224  218  222  220  222  213  222  223  223  223  223  223  223
  189  190  190  199  191  139  143  112  199  223  226  236  233  214  217  224  226  228  228  228  228  228  228
  196  197  200  197  189  142  139  127  202  223  228  222  221  219  214  216  220  221  221  221  221  221  221
  200  199  201  198  188  141  140  131  203  225  228  221  220  217  213  215  217  218  217  218  217  218  217
  201  200  202  199  190  141  142  134  201  222  227  217  216  213  209  212  213  214  214  214  214  214  214
  203  201  203  201  191  141  143  139  197  219  225  216  213  211  207  212  210  211  210  211  210  211  210
  204  200  204  204  193  142  145  145  189  214  223  215  211  210  207  210  208  209  208  209  208  209  208
  205  201  205  206  194  142  146  150  178  207  218  214  212  209  206  211  208  208  208  208  208  208  208
  207  202  206  208  196  143  148  153  166  199  214  212  211  209  206  210  207  207  207  207  207  207  207
  207  202  206  208  197  143  150  157  159  194  211  211  212  209  207  210  207  207  207  207  207  207  207
  210  209  208  209  200  142  149  167  169  181  195  207  212  211  206  201  208  207  206  206  206  206  206
  211  208  208  209  201  142  149  170  171  180  190  200  207  211  212  211  205  205  205  205  206  206  207
  211  208  209  211  202  143  151  174  178  182  187  191  198  205  211  214  209  208  208  208  208  208  208
  213  209  209  213  203  143  153  179  189  191  190  190  192  198  204  207  214  213  211  211  209  209  207
  214  210  210  216  205  143  155  185  196  198  197  196  194  197  199  200  210  209  209  210  209  210  210
  216  210  211  218  207  143  157  190  197  201  202  202  202  201  202  202  201  201  202  205  207  209  211
  217  211  212  219  208  143  158  193  201  205  208  209  208  207  206  205  201  200  202  203  205  207  208
  216  210  212  220  209  143  157  195  206  210  212  212  210  208  207  204  208  207  206  206  205  205  205
  213  216  216  217  209  145  158  201  208  213  215  216  215  213  211  211  211  212  211  212  211  212  211
  215  218  217  219  212  145  160  203  210  216  218  219  218  216  214  213  215  216  216  216  216  216  216
  217  220  219  222  214  147  162  208  215  221  224  225  224  222  219  219  220  221  221  221  221  221  221
  219  220  220  224  215  147  164  212  220  226  229  230  229  228  226  225  226  227  227  227  227  227  227
  221  221  221  227  217  146  164  216  224  230  234  236  234  233  231  231  232  232  232  232  232  232  232
  222  221  222  229  218  146  165  220  228  234  238  240  239  238  236  235  236  237  237  237  237  237  237
  226  223  224  232  219  147  166  223  231  236  241  243  243  242  240  239  240  240  240  240  240  240  240
  228  226  227  234  221  147  166  225  233  238  243  245  245  244  242  241  241  242  242  242  242  242  242
  229  222  229  227  234  140  166  232  234  240  244  245  244  243  242  241  243  242  242  242  242  242  241
  234  229  234  227  226  135  162  225  231  236  239  243  241  241  239  239  236  236  236  236  236  236  236
  228  229  237  234  227  147  169  219  229  234  237  239  239  237  236  236  234  234  235  236  236  237  237
  231  233  236  229  211  133  134  156  159  163  166  167  167  166  165  166  168  169  170  171  172  173  174
  235  234  232  230  217  163  159  162  163  165  168  169  168  167  164  165  169  170  171  172  173  174  174
  235  234  229  238  240  224  234  232  236  238  240  240  239  237  235  234  235  237  236  238  238  239  239
  244  243  230  233  229  228  241  232  238  239  240  239  237  235  233  232  232  233  233  234  234  234  234
  237  242  233  237  228  232  244  231  237  238  238  238  235  233  231  231  235  236  236  235  235  235  235
  240  240  239  239  239  239  239  240  240  240  240  240  240  239  238  238  239  239  239  239  239  239  239
  240  240  240  240  240  240  240  240  240  240  240  240  240  240  240  240  240  240  240  240  240  240  240

  Columns 24 through 46

  179  179  179  179  179  179  179  179  179  179  179  179  179  179  179  179  179  179  179  179  179  179  179
  179  179  179  179  179  179  179  179  179  179  179  179  179  179  179  179  179  177  177  177  177  177  177
  174  174  174  174  174  174  174  174  174  174  174  174  174  174  174  174  174  174  174  174  174  174  174
  175  175  175  175  175  175  175  175  175  175  175  175  175  175  175  175  175  175  175  175  175  175  175
  175  175  175  175  175  175  175  175  175  175  175  175  175  175  175  175  175  174  174  174  174  174  174
  136  136  136  136  136  136  136  136  136  136  136  136  136  136  136  136  136  140  140  140  140  140  140
  137  137  137  137  137  137  137  137  137  137  137  137  137  137  137  137  137  144  144  144  144  144  144
   89   88   89   88   89   88   89   88   89   88   89   88   89   88   89   88   89   88   89   88   89   88   89
  188  180  181  180  181  180  181  180  181  180  181  180  181  180  181  180  181  180  181  180  181  180  181
  250  252  253  252  253  252  253  252  253  252  253  252  253  252  253  252  253  252  253  252  253  252  253
  242  238  239  238  239  238  239  238  239  238  239  238  239  238  239  238  239  238  239  238  239  238  239
  242  242  243  242  243  242  243  242  243  242  243  242  243  242  243  242  243  242  243  242  243  242  243
  229  228  229  228  229  228  229  228  229  228  229  228  229  228  229  228  229  228  229  228  229  228  229
  232  227  227  227  227  227  227  227  227  227  227  227  227  227  227  227  227  227  227  227  227  227  227
  223  228  228  228  228  228  228  228  228  228  228  228  228  228  228  228  228  228  228  228  228  228  228
  228  225  225  225  225  225  225  225  225  225  225  225  225  225  225  225  225  225  225  225  225  225  225
  221  219  219  219  219  219  219  219  219  221  221  221  221  221  221  221  221  221  221  221  221  221  221
  218  217  218  217  218  217  218  217  218  217  219  217  219  217  219  217  219  217  219  217  219  217  219
  214  215  215  215  215  215  215  215  215  214  215  214  215  214  215  214  215  214  215  214  215  214  215
  211  211  212  211  212  211  212  211  212  211  212  211  212  211  212  211  212  211  212  211  212  211  212
  209  210  211  210  211  210  211  210  211  209  210  209  210  209  210  209  210  209  210  209  210  209  210
  208  208  208  208  208  208  208  208  208  209  209  209  209  209  209  209  209  209  209  209  209  209  209
  207  206  206  206  206  206  206  206  207  208  208  208  208  208  208  208  208  208  208  208  208  208  208
  207  206  206  206  206  206  206  206  207  208  208  208  208  208  208  208  208  208  208  208  208  208  208
  206  205  205  205  205  205  205  205  205  205  206  206  206  206  206  206  206  206  206  206  206  206  206
  207  207  207  207  207  207  207  207  207  208  208  208  208  208  208  208  208  208  208  208  208  208  208
  208  208  208  208  208  208  208  208  208  208  208  208  208  208  208  208  208  208  208  208  208  208  208
  208  206  207  206  207  206  207  206  207  206  207  206  207  206  207  206  207  206  207  206  207  206  207
  211  208  209  208  209  208  209  208  208  208  208  207  208  207  208  207  208  207  208  207  208  207  208
  212  211  211  211  211  211  211  211  211  210  211  209  211  209  211  209  211  209  211  209  211  209  211
  209  210  210  210  210  210  210  210  210  209  210  209  210  209  210  209  210  209  210  209  210  209  210
  204  207  207  207  207  207  207  207  207  206  207  206  207  206  207  206  207  206  207  206  207  206  207
  212  211  212  211  212  211  212  211  212  211  212  211  212  211  212  211  212  212  213  212  213  212  213
  216  216  216  216  216  216  216  216  216  216  216  216  216  216  216  216  216  216  216  216  216  216  216
  221  221  221  221  221  221  221  221  221  221  221  221  221  221  221  221  221  221  221  221  221  221  221
  227  227  227  227  227  227  227  227  227  227  227  227  227  227  227  227  227  226  226  226  226  226  226
  232  232  232  232  232  232  232  232  232  232  232  232  232  232  232  232  232  231  231  231  231  231  231
  237  237  237  237  237  237  237  237  237  237  237  237  237  237  237  237  237  236  236  236  236  236  236
  240  240  240  240  240  240  240  240  240  240  240  240  240  240  240  240  240  241  241  241  241  241  241
  242  242  242  242  242  242  242  242  242  242  242  242  242  242  242  242  242  243  243  243  243  243  243
  241  242  242  241  241  241  241  241  241  244  243  243  243  243  243  242  242  244  244  244  244  244  243
  237  240  240  240  240  240  240  240  241  239  239  239  239  239  240  240  240  239  239  239  239  239  240
  238  232  232  233  233  234  235  235  235  234  234  234  235  236  236  237  237  235  236  236  237  238  238
  174  176  177  177  178  179  180  181  181  184  184  185  186  187  188  189  189  189  190  191  192  193  194
  175  177  177  178  179  180  181  181  182  184  184  185  186  187  188  189  189  189  190  191  192  193  194
  240  233  235  234  236  235  237  237  238  234  235  235  236  236  238  237  238  236  237  237  238  238  239
  234  237  237  237  238  238  238  238  238  235  235  235  235  235  235  235  235  235  235  235  235  235  235
  235  235  235  235  235  234  234  234  234  235  235  235  234  234  234  234  234  236  236  235  235  235  235
  239  239  239  239  239  239  239  239  239  239  239  239  239  239  239  239  239  239  239  239  239  239  239
  240  240  240  240  240  240  240  240  240  240  240  240  240  240  240  240  240  240  240  240  240  240  240

  Columns 47 through 69

  179  179  180  180  180  180  180  180  180  180  179  179  179  179  179  179  179  179  179  179  179  179  179
  177  177  178  178  178  178  178  178  178  178  179  179  179  179  179  179  179  178  176  176  176  176  176
  174  174  173  173  173  173  173  173  173  173  175  175  175  175  175  175  175  175  174  174  174  174  174
  175  175  174  174  174  174  174  174  174  174  173  173  173  173  173  173  173  173  176  176  175  176  176
  174  174  175  175  175  175  175  175  175  175  175  175  175  175  175  175  175  175  175  176  175  176  176
  140  140  145  145  145  145  145  145  145  145  148  148  148  148  148  148  148  148  149  149  149  150  150
  144  144  147  147  147  147  147  147  147  147  150  150  150  150  150  150  150  150  152  152  152  153  153
   88   89   87   88   87   88   87   88   87   88   88   89   88   89   88   89   88   89   84   85   85   87   87
  180  181  180  181  180  181  180  181  180  181  178  179  178  179  178  179  178  179  180  181  180  181  180
  252  253  252  253  252  253  252  253  252  253  254  255  254  255  254  255  254  255  253  253  253  253  253
  238  239  238  239  238  239  238  239  238  239  238  239  238  239  238  239  238  239  239  240  239  240  239
  242  243  242  243  242  243  242  243  242  243  240  241  240  241  240  241  240  241  243  243  243  243  243
  228  229  228  229  228  229  228  229  228  229  230  231  230  231  230  231  230  231  229  230  229  230  229
  227  227  227  227  227  227  227  227  227  227  228  228  228  228  228  228  228  229  228  229  228  229  228
  228  228  228  228  228  228  228  228  228  228  225  225  225  225  225  225  225  225  229  230  229  230  229
  225  225  225  225  225  225  225  225  225  225  226  226  226  226  226  226  226  226  225  226  226  226  226
  221  220  220  220  220  220  220  220  220  220  220  220  220  220  220  220  220  220  221  222  222  222  222
  217  218  217  218  217  218  217  218  217  218  217  218  217  218  217  218  217  218  218  219  218  219  218
  214  214  213  214  213  214  213  214  213  214  213  214  213  214  213  214  213  214  214  215  214  215  214
  211  211  210  211  210  211  210  211  210  211  210  211  210  211  210  211  210  211  210  211  210  211  210
  209  210  209  209  209  209  209  209  209  209  209  209  209  209  209  209  209  209  208  209  208  209  208
  209  209  209  209  209  209  209  209  209  209  209  209  209  209  209  209  209  209  207  207  207  207  207
  208  208  208  208  208  208  208  208  208  208  208  208  208  208  208  208  208  208  206  206  206  206  206
  208  208  208  208  208  208  208  208  208  208  208  208  208  208  208  208  208  208  206  206  206  206  206
  206  206  205  205  205  205  205  205  205  205  207  207  207  207  207  207  207  206  204  204  204  204  204
  208  208  208  208  208  208  208  208  208  208  208  208  208  208  208  208  208  208  207  207  207  207  207
  208  208  209  209  209  209  209  209  209  209  208  208  208  208  208  208  208  208  208  208  208  208  208
  206  207  207  208  208  208  208  208  208  208  210  210  210  210  210  210  210  210  206  207  206  207  206
  207  208  209  209  209  209  209  209  209  209  210  210  210  210  210  210  210  210  208  208  208  208  208
  209  211  210  211  210  211  210  211  210  211  209  210  209  210  209  210  209  210  209  210  209  210  209
  209  210  208  209  208  209  208  209  208  209  206  207  206  207  206  207  206  207  206  207  206  207  206
  206  207  205  206  205  206  205  206  205  206  205  206  205  206  205  206  205  206  203  204  203  204  203
  212  213  212  213  212  213  212  213  212  213  210  211  210  211  210  211  210  211  210  211  210  211  210
  216  216  216  216  216  216  216  216  216  216  215  215  215  215  215  215  215  215  215  215  215  215  215
  221  221  221  221  221  221  221  221  221  221  220  220  220  220  220  220  220  220  220  220  220  220  220
  226  226  226  226  226  226  226  226  226  226  226  226  226  226  226  226  226  226  226  226  226  226  226
  231  231  231  231  231  231  231  231  231  231  231  231  231  231  231  231  231  231  231  231  231  231  231
  236  236  236  236  236  236  236  236  236  236  236  236  236  236  236  236  236  236  236  236  236  236  236
  241  241  241  241  241  241  241  241  241  241  239  239  239  239  239  239  239  239  239  239  239  239  239
  243  243  243  243  243  243  243  243  243  243  241  241  241  241  241  241  241  241  241  241  241  241  241
  243  243  243  243  243  243  242  242  242  242  243  243  243  243  243  242  242  242  241  241  241  241  240
  240  240  237  237  238  238  238  238  238  238  240  240  240  241  241  241  241  241  238  238  238  238  238
  239  239  237  237  238  238  239  239  240  240  233  234  234  235  235  236  237  237  234  234  235  235  236
  194  195  195  195  196  197  198  199  200  200  203  204  204  205  206  207  208  209  209  209  210  211  212
  194  195  195  195  196  197  198  199  200  200  203  204  204  205  206  207  208  208  209  209  210  211  212
  239  240  237  238  238  239  239  241  240  241  234  235  234  236  236  237  237  238  236  237  236  238  238
  235  235  233  233  233  233  234  234  234  234  236  236  236  236  236  237  237  237  235  235  235  236  236
  235  234  234  234  234  234  234  233  233  233  235  234  234  234  234  234  234  233  234  234  234  234  234
  239  239  239  239  239  239  239  239  239  239  239  239  239  239  239  239  239  239  239  239  239  239  239
  240  240  240  240  240  240  240  240  240  240  240  240  240  240  240  240  240  240  240  240  240  240  240

  Columns 70 through 92

  178  178  178  180  180  180  180  180  180  180  181  182  182  180  179  176  177  177  180  182  179  180  183
  176  176  176  177  177  177  177  177  177  177  178  181  182  179  177  176  176  177  179  184  180  178  181
  174  174  174  173  173  173  173  173  173  173  175  178  178  176  175  173  173  175  176  180  176  174  176
  177  176  177  174  175  174  175  174  175  174  176  178  179  177  175  173  174  175  177  179  181  183  184
  177  177  178  177  178  177  178  177  178  177  178  182  183  181  180  177  179  179  181  168  176  183  180
  152  151  153  155  156  155  156  155  156  155  156  162  162  160  159  157  158  159  160  171  178  179  171
  155  155  156  156  157  156  157  156  157  156  157  161  160  158  157  155  156  157  159  159  159  154  149
   89   88   90   85   86   85   86   85   86   85   85   84   84   82   80   79   79   81   83   92   90   87   94
  181  180  181  181  183  183  186  188  191  192  193  197  199  201  201  198  192  187  185  150  126   75   91
  253  253  253  247  247  248  249  250  251  252  251  246  246  245  245  243  242  240  240  234  210  142   95
  240  239  240  243  244  242  243  242  242  241  242  248  247  244  243  242  244  247  251  255  255  203  106
  243  243  243  242  242  242  241  241  240  240  240  238  238  235  232  233  234  239  243  237  249  228  112
  230  229  230  227  228  227  228  227  229  228  229  236  236  234  233  233  233  235  237  241  244  234  111
  229  228  229  229  230  230  232  231  233  232  234  228  228  227  226  226  225  225  226  239  235  234  123
  230  229  230  221  223  222  223  222  224  223  224  229  229  227  226  225  225  226  229  227  226  232  134
  226  226  226  227  227  227  227  226  226  226  226  226  224  222  220  218  220  225  227  235  233  231  130
  222  222  222  221  221  221  221  221  221  221  222  221  221  218  216  215  215  218  222  228  223  232  136
  219  218  219  217  218  217  218  217  218  217  218  220  220  216  214  212  213  216  220  225  222  229  140
  215  214  215  213  214  213  214  213  214  213  214  217  216  213  211  209  210  213  217  221  221  224  144
  211  210  211  210  211  210  211  210  211  210  211  215  214  211  209  207  208  211  215  220  221  216  150
  209  208  209  208  209  208  209  208  209  208  209  212  212  209  207  205  207  209  213  219  222  207  154
  207  207  207  208  208  208  208  208  208  208  209  211  211  208  206  205  206  208  212  218  219  194  156
  206  206  206  207  207  207  207  207  207  207  208  209  209  206  204  203  204  206  210  215  214  180  157
  206  206  206  207  207  207  207  207  207  207  208  208  208  205  204  202  203  206  210  212  210  174  157
  204  204  204  205  205  205  205  205  205  205  206  213  212  208  205  203  204  207  212  213  189  175  163
  207  207  207  206  206  206  206  206  206  206  208  209  210  209  209  208  207  209  211  200  182  175  166
  208  208  208  207  207  207  207  207  207  207  208  208  210  210  211  208  205  202  202  191  179  182  174
  207  206  207  208  209  208  209  208  209  208  210  212  213  211  208  203  197  194  192  196  187  193  184
  208  208  208  209  209  209  209  209  209  209  211  212  211  207  201  196  194  193  193  202  196  200  188
  210  209  210  208  209  208  209  208  209  208  210  208  208  202  198  196  196  199  204  204  197  202  190
  207  206  207  205  206  205  206  205  206  205  207  207  207  202  200  200  202  205  210  208  202  206  195
  204  203  204  204  205  204  205  204  205  204  205  209  208  206  205  204  204  207  209  213  206  210  199
  211  210  211  210  211  210  211  210  211  210  210  210  210  209  210  209  211  213  214  213  213  202  197
  215  215  215  215  215  215  215  215  215  215  214  213  213  213  213  214  215  216  217  215  215  204  198
  220  220  220  220  220  220  220  220  220  220  220  219  218  218  219  220  221  222  223  221  221  211  204
  226  226  226  226  226  226  226  226  226  226  226  225  225  225  225  226  227  228  228  226  228  217  211
  231  231  231  231  231  231  231  231  231  231  231  231  230  231  231  231  232  233  234  231  232  223  216
  236  236  236  236  236  236  236  236  236  236  236  236  236  235  235  236  237  237  238  235  237  230  220
  239  239  239  239  239  239  239  239  239  239  239  240  240  239  239  239  240  240  241  238  241  234  225
  241  241  241  241  241  241  241  241  241  241  241  242  242  241  241  240  241  242  242  238  243  236  227
  240  240  240  240  240  240  240  240  240  240  240  242  242  241  241  240  240  242  242  240  236  237  235
  238  239  239  237  237  237  237  237  237  237  238  240  240  238  237  237  237  238  239  237  234  233  230
  237  237  238  237  237  237  237  237  237  237  238  239  239  239  237  237  237  237  238  237  235  234  231
  213  213  214  216  216  216  216  216  216  216  217  219  219  217  216  214  214  215  216  218  217  216  215
  213  214  214  216  216  216  216  216  216  216  217  219  219  217  216  214  214  215  216  219  219  219  219
  239  239  240  238  239  238  239  238  239  238  240  242  242  240  237  235  235  236  238  239  241  240  239
  236  236  236  235  235  235  235  235  235  235  236  239  239  236  234  232  232  233  235  236  237  239  237
  233  233  233  234  234  234  234  234  234  234  235  237  237  235  233  232  232  232  234  234  237  239  239
  239  239  239  239  239  239  239  239  239  239  239  240  240  239  239  238  238  238  239  240  240  240  240
  240  240  240  240  240  240  240  240  240  240  240  240  240  240  240  240  240  240  240  240  240  240  240

  Columns 93 through 100

  177  169  164  169  173  175  175  175
  180  175  169  172  173  175  175  175
  174  169  164  165  174  177  177  177
  180  176  173  175  175  178  178  178
  174  171  172  177  178  180  180  180
  162  162  166  170  180  181  181  181
  154  169  182  185  184  183  183  183
  122  158  183  190  185  183  183  183
  119  190  169  196  188  186  186  186
  105  182  178  198  188  186  186  186
  107  179  182  187  189  188  188  188
  116  177  183  185  190  189  189  189
  115  168  179  198  192  191  191  191
  124  173  176  204  193  192  192  192
  134  189  176  203  196  194  194  194
  128  196  178  205  196  194  194  194
  139  184  184  196  198  197  197  197
  141  184  184  199  197  197  197  197
  142  185  187  203  199  199  199  199
  145  185  187  204  200  200  200  200
  148  188  186  201  202  202  202  202
  151  191  189  200  203  203  203  203
  154  196  193  201  205  205  205  205
  157  200  197  202  205  205  205  205
  173  194  195  202  208  208  208  208
  176  196  197  206  208  208  208  208
  182  199  199  209  210  210  210  210
  185  199  199  212  211  211  211  211
  186  198  200  215  213  213  213  213
  187  200  201  217  214  214  214  214
  192  204  203  216  216  216  216  216
  197  206  203  212  216  216  216  216
  199  199  202  218  218  218  218  218
  201  200  203  220  218  218  218  218
  205  203  206  223  220  220  220  220
  210  205  208  224  221  221  221  221
  212  207  208  224  223  223  223  223
  215  208  210  226  225  224  224  224
  219  210  212  228  227  226  226  226
  220  212  214  231  227  226  226  226
  220  209  216  235  230  229  229  229
  216  205  212  229  230  229  229  229
  220  212  220  234  232  231  231  231
  208  205  213  225  232  232  232  232
  214  214  219  227  234  234  234  234
  235  234  236  238  234  235  235  235
  236  235  233  232  236  237  237  237
  239  241  239  236  236  237  237  237
  240  240  239  239  240  240  240  240
  240  240  240  240  240  240  240  240


rectdc(:,:,3) =

  Columns 1 through 23

  177  179  179  177  175  177  179  178  179  179  180  180  182  182  184  180  171  168  168  168  168  168  168
  185  184  183  182  183  182  180  177  179  179  181  181  182  182  184  181  177  173  173  173  173  173  173
  178  176  174  176  177  175  173  171  175  175  177  177  179  179  179  181  181  182  182  182  182  182  182
  184  182  183  184  182  178  177  179  174  174  174  174  175  175  175  179  184  186  186  186  186  186  186
  184  185  186  184  172  162  161  166  165  165  165  165  167  167  167  171  176  180  180  180  180  180  180
  182  179  180  177  159  135  124  124  115  115  115  115  115  117  117  119  124  126  126  126  126  126  126
  193  187  187  185  167  134  105   95  104  102  102  102  102  104  104  104  104  102  102  102  102  102  102
  187  178  178  181  166  127   88   67   47   45   43   43   45   47   47   45   43   40   42   40   42   40   42
  188  191  183  181  167  116  105   52   43   56   66  107  138  132  139  142  140  136  138  136  138  136  138
  189  191  184  182  168  116  104   52   65  149  197  206  200  200  214  209  208  206  206  206  206  206  206
  191  194  187  184  169  116  105   53  104  189  225  210  199  209  222  208  217  219  219  219  219  219  219
  193  195  188  186  170  115  106   57  170  207  208  205  210  215  223  216  226  228  230  228  230  228  230
  197  196  191  189  174  115  107   64  162  190  196  206  210  201  210  218  217  219  221  219  221  219  221
  198  197  192  192  175  117  110   70  170  202  205  207  210  208  219  215  217  217  217  217  217  217  217
  202  200  193  193  176  117  111   73  174  196  187  187  196  201  208  196  196  195  195  195  195  195  195
  197  197  195  198  181  119  110   71  153  179  186  202  207  192  197  201  192  190  190  190  190  190  190
  191  195  206  202  186  126  102   76  142  164  177  178  187  187  179  179  180  180  180  180  180  180  180
  186  192  206  207  191  128  101   74  136  156  172  174  179  179  171  171  175  176  176  176  176  176  176
  187  193  207  208  192  128  102   77  131  153  168  168  172  172  164  165  168  170  170  170  170  170  170
  189  194  208  210  193  128  103   79  126  147  163  161  167  167  159  162  162  164  166  164  166  164  166
  191  194  209  213  195  126  103   82  115  139  155  157  162  160  153  155  157  159  161  159  161  159  161
  192  195  210  215  196  126  104   85  102  127  148  150  156  154  146  149  154  155  155  155  155  155  155
  196  197  211  217  197  124  103   88   85  115  138  142  148  145  138  143  147  151  151  151  151  151  151
  196  197  211  215  196  124  102   88   75  105  130  136  142  140  131  136  141  145  145  145  145  145  145
  202  204  213  216  199  121   98   96   82   89  108  126  135  133  122  120  134  138  137  137  137  137  137
  203  204  216  216  200  121   98   95   78   82   98  114  124  127  122  122  124  128  130  128  131  129  132
  204  204  217  218  201  121   98   96   82   80   89   99  109  114  112  116  120  123  125  123  125  123  125
  206  207  218  220  202  119   97   98   90   85   89   93   98  100  100  104  119  123  122  121  120  119  118
  209  208  219  223  201  118   99  103   93   87   90   92   94   93   89   91  108  111  112  112  112  112  113
  211  208  220  225  203  116   98  105   93   88   92   95   96   93   89   88   96   99  100  103  105  107  109
  212  209  221  228  204  116   99  107   94   91   95  100  100   96   90   88   91   95   97   98  100  102  103
  216  211  221  225  202  114  101  112  101   96   97   99  100   97   91   90   97   99   98   98   97   97   97
  221  223  221  216  197  114  104  124  110  103  100  100  101  101  103  103  105  105  105  105  105  105  105
  226  226  223  214  195  113  107  129  117  106  101   99  101  103  106  108  106  106  106  106  106  106  106
  228  228  223  217  197  112  108  131  119  108  103   99  101  105  108  108  107  107  107  107  107  107  107
  230  228  224  219  197  112  109  135  123  112  105  102  103  105  109  111  109  107  107  107  107  107  107
  229  227  224  221  198  111  109  139  125  115  107  104  106  107  111  111  109  109  109  109  109  109  109
  230  227  223  223  199  113  110  145  131  120  113  108  110  110  113  115  113  111  111  111  111  111  111
  232  227  225  225  202  114  113  151  137  126  119  114  115  115  119  119  117  117  117  117  117  117  117
  232  227  225  227  204  117  119  158  144  135  127  123  123  125  128  128  127  125  125  125  125  125  125
  230  223  227  222  220  115  124  171  156  146  140  136  136  136  139  139  139  136  136  136  136  136  135
  235  230  232  222  215  114  127  175  164  156  150  148  150  150  153  153  148  147  147  147  147  147  147
  226  227  238  232  222  133  142  181  176  169  164  163  166  168  172  170  166  164  165  166  166  167  167
  229  231  237  230  209  126  117  128  120  115  111  112  114  119  121  122  122  120  121  122  123  124  125
  230  232  233  234  221  164  152  145  137  132  131  132  135  139  145  146  144  143  144  145  146  147  147
  230  232  230  242  247  231  235  226  222  219  218  218  222  229  232  232  229  226  228  227  230  228  231
  237  238  231  240  238  237  248  233  232  231  229  231  234  241  244  244  240  237  239  238  240  238  240
  232  237  234  241  235  240  251  234  237  235  235  235  238  241  245  245  246  244  244  243  243  243  243
  238  238  240  240  242  242  242  240  240  240  240  240  240  242  244  244  242  242  242  242  242  242  242
  240  240  240  240  240  240  240  240  240  240  240  240  240  240  240  240  240  240  240  240  240  240  240

  Columns 24 through 46

  168  168  168  168  168  168  168  168  168  168  168  168  168  168  168  168  168  168  168  168  168  168  168
  173  173  173  173  173  173  173  173  173  173  173  173  173  173  173  173  173  171  171  171  171  171  171
  182  182  182  182  182  182  182  182  182  182  182  182  182  182  182  182  182  182  182  182  182  182  182
  186  186  186  186  186  186  186  186  186  186  186  186  186  186  186  186  186  186  186  186  186  186  186
  180  180  180  180  180  180  180  180  180  180  180  180  180  180  180  180  180  179  179  179  179  179  179
  126  126  126  126  126  126  126  126  126  126  126  126  126  126  126  126  126  130  130  130  130  130  130
  102  102  102  102  102  102  102  102  102  102  102  102  102  102  102  102  102  109  109  109  109  109  109
   40   42   40   42   40   42   40   42   40   42   40   42   40   42   40   42   40   42   40   42   40   42   40
  136  131  129  131  129  131  129  131  129  131  129  131  129  131  129  131  129  131  129  131  129  131  129
  206  209  209  209  209  209  209  209  209  209  209  209  209  209  209  209  209  209  209  209  209  209  209
  219  216  216  216  216  216  216  216  216  216  216  216  216  216  216  216  216  216  216  216  216  216  216
  228  231  229  231  229  231  229  231  229  231  229  231  229  231  229  231  229  231  229  231  229  231  229
  219  221  219  221  219  221  219  221  219  221  219  221  219  221  219  221  219  221  219  221  219  221  219
  217  212  212  212  212  212  212  212  212  212  212  212  212  212  212  212  212  212  212  212  212  212  212
  195  200  200  200  200  200  200  200  200  200  200  200  200  200  200  200  200  200  200  200  200  200  200
  190  187  187  187  187  187  187  187  187  187  187  187  187  187  187  187  187  187  187  187  187  187  187
  180  178  178  178  178  178  178  178  178  180  180  180  180  180  180  180  180  180  180  180  180  180  180
  176  176  176  176  176  176  176  176  176  176  175  176  175  176  175  176  175  176  175  176  175  176  175
  170  171  171  171  171  171  171  171  171  170  168  170  168  170  168  170  168  170  168  170  168  170  168
  164  167  165  167  165  167  165  167  165  164  162  162  162  162  162  162  162  162  162  162  162  162  162
  159  163  161  163  161  163  161  163  161  157  157  157  157  157  157  157  157  157  157  157  157  157  157
  155  155  155  155  155  155  155  155  155  154  152  152  152  152  152  152  152  152  152  152  152  152  152
  151  150  150  150  150  150  150  150  148  147  145  145  145  145  145  145  145  145  145  145  145  145  145
  145  144  144  144  144  144  144  144  142  141  140  140  140  140  140  140  140  140  140  140  140  140  140
  137  136  136  136  136  136  136  136  136  134  132  132  132  132  132  132  132  132  132  132  132  132  132
  130  132  130  132  130  132  130  132  130  129  129  129  129  129  129  129  129  129  129  129  129  129  129
  123  125  123  125  123  125  123  125  123  123  123  123  123  123  123  123  123  123  123  123  123  123  123
  118  117  117  117  117  117  117  117  117  117  117  117  117  117  117  117  117  117  117  117  117  117  117
  113  111  111  111  111  111  111  111  113  113  115  115  115  115  115  115  115  115  115  115  115  115  115
  110  109  109  109  109  109  109  109  110  112  112  114  112  114  112  114  112  114  112  114  112  114  112
  104  105  105  105  105  105  105  105  105  108  108  110  108  110  108  110  108  110  108  110  108  110  108
   96   99   99   99   99   99   99   99  101  103  103  104  103  104  103  104  103  104  103  104  103  104  103
  105  105  105  105  105  105  105  105  105  105  105  107  105  107  105  107  105  108  106  108  106  108  106
  106  106  106  106  106  106  106  106  106  106  106  106  106  106  106  106  106  106  106  106  106  106  106
  107  107  107  107  107  107  107  107  107  107  107  107  107  107  107  107  107  107  107  107  107  107  107
  107  107  107  107  107  107  107  107  107  107  107  107  107  107  107  107  107  106  106  106  106  106  106
  109  109  109  109  109  109  109  109  109  109  109  109  109  109  109  109  109  108  108  108  108  108  108
  111  111  111  111  111  111  111  111  111  111  111  111  111  111  111  111  111  110  110  110  110  110  110
  117  117  117  117  117  117  117  117  117  117  117  117  117  117  117  117  117  118  118  118  118  118  118
  125  125  125  125  125  125  125  125  125  125  125  125  125  125  125  125  125  126  126  126  126  126  126
  135  136  136  135  135  135  135  135  135  138  137  137  137  137  137  136  136  138  138  138  138  138  137
  148  151  151  151  151  151  151  151  152  150  150  150  150  150  151  151  151  150  150  150  150  150  151
  168  162  162  163  163  164  165  165  165  164  164  164  165  166  166  167  167  165  166  166  167  168  168
  125  127  128  128  129  130  131  132  132  135  135  136  137  138  139  140  140  140  141  142  143  144  145
  148  150  150  151  152  153  154  154  155  157  157  158  159  160  161  162  162  162  163  164  165  166  167
  229  225  224  226  225  227  226  229  227  226  224  227  225  228  227  229  227  228  226  229  227  230  228
  238  243  241  243  242  244  242  244  242  241  239  241  239  241  239  241  239  241  239  241  239  241  239
  243  243  243  243  243  242  242  242  242  243  243  243  242  242  242  242  242  244  244  243  243  243  243
  242  242  242  242  242  242  242  242  242  242  242  242  242  242  242  242  242  242  242  242  242  242  242
  240  240  240  240  240  240  240  240  240  240  240  240  240  240  240  240  240  240  240  240  240  240  240

  Columns 47 through 69

  168  168  169  169  169  169  169  169  169  169  168  168  168  168  168  168  168  168  169  169  169  169  169
  171  171  172  172  172  172  172  172  172  172  173  173  173  173  173  173  173  173  171  171  171  171  171
  182  182  181  181  181  181  181  181  181  181  183  183  183  183  183  183  183  183  183  183  183  183  183
  186  186  185  185  185  185  185  185  185  185  184  184  184  184  184  184  184  184  187  187  187  187  188
  179  179  180  180  180  180  180  180  180  180  180  180  180  180  180  180  180  180  180  181  181  181  182
  130  130  135  135  135  135  135  135  135  135  138  138  138  138  138  138  138  138  139  139  140  140  141
  109  109  112  112  112  112  112  112  112  112  115  115  115  115  115  115  115  115  117  117  118  118  119
   42   40   41   39   41   39   41   39   41   39   42   40   42   40   42   40   42   40   38   36   39   38   41
  131  129  131  129  131  129  131  129  131  129  129  127  129  127  129  127  129  127  131  129  131  129  131
  209  209  209  209  209  209  209  209  209  209  211  211  211  211  211  211  211  211  209  209  209  209  209
  216  216  216  216  216  216  216  216  216  216  216  216  216  216  216  216  216  216  216  216  216  216  216
  231  229  231  229  231  229  231  229  231  229  229  227  229  227  229  227  229  227  231  229  231  229  231
  221  219  221  219  221  219  221  219  221  219  223  221  223  221  223  221  223  221  221  219  221  219  221
  212  212  212  212  212  212  212  212  212  212  213  213  213  213  213  213  213  213  212  212  212  212  212
  200  200  200  200  200  200  200  200  200  200  197  197  197  197  197  197  197  197  200  200  200  200  200
  187  187  187  187  187  187  187  187  187  187  188  188  188  188  188  188  188  188  187  185  185  185  185
  180  182  182  184  184  184  184  184  184  184  184  184  184  184  184  184  184  182  180  179  179  179  179
  176  176  178  178  180  178  180  178  180  178  180  178  180  178  180  178  180  178  175  173  173  173  173
  170  170  171  171  173  171  173  171  173  171  173  171  173  171  173  171  173  171  170  168  168  168  168
  162  164  166  166  166  166  166  166  166  166  166  166  166  166  166  166  166  166  163  161  163  161  163
  157  157  159  159  159  159  159  159  159  159  159  159  159  159  159  159  159  159  158  156  158  156  158
  152  152  154  154  154  154  154  154  154  154  154  154  154  154  154  154  154  154  152  152  152  152  152
  145  145  147  147  147  147  147  147  147  147  147  147  147  147  147  147  147  147  147  147  147  147  147
  140  140  141  141  141  141  141  141  141  141  141  141  141  141  141  141  141  141  141  141  141  141  141
  132  132  131  131  131  131  131  131  131  131  133  133  133  133  133  133  133  135  135  135  135  135  135
  129  129  129  129  129  129  129  129  129  129  129  129  129  129  129  129  129  129  130  132  132  132  132
  123  123  122  122  122  122  122  122  122  122  121  121  121  121  121  121  121  123  125  125  125  125  125
  117  117  118  116  116  116  116  116  116  116  118  118  118  118  118  118  118  120  117  118  118  118  118
  115  113  114  114  114  114  114  114  114  114  115  115  115  115  115  115  115  115  113  113  113  113  113
  114  112  112  110  112  110  112  110  112  110  111  109  111  109  111  109  111  109  109  109  109  109  109
  110  108  107  106  107  106  107  106  107  106  105  104  105  104  105  104  105  104  104  104  104  104  104
  104  103  102  102  102  102  102  102  102  102  102  102  102  102  102  102  102  102   98   98   98   98   98
  108  106  106  106  106  106  106  106  106  106  104  104  104  104  104  104  104  104  104  104  104  104  104
  106  106  106  106  106  106  106  106  106  106  105  105  105  105  105  105  105  105  105  105  105  105  105
  107  107  107  107  107  107  107  107  107  107  106  106  106  106  106  106  106  106  106  106  106  106  106
  106  106  106  106  106  106  106  106  106  106  106  106  106  106  106  106  106  106  106  106  106  106  106
  108  108  108  108  108  108  108  108  108  108  108  108  108  108  108  108  108  108  108  108  108  108  108
  110  110  110  110  110  110  110  110  110  110  110  110  110  110  110  110  110  110  110  110  110  110  110
  118  118  118  118  118  118  118  118  118  118  116  116  116  116  116  116  116  116  116  116  116  116  116
  126  126  126  126  126  126  126  126  126  126  124  124  124  124  124  124  124  124  124  124  124  124  124
  137  137  137  137  137  137  136  136  136  136  137  137  137  137  137  136  136  136  135  135  135  135  134
  151  151  148  148  149  149  149  149  149  149  151  151  151  152  152  152  152  152  149  149  149  149  149
  169  169  167  167  168  168  169  169  170  170  163  164  164  165  165  166  167  167  164  164  165  165  166
  145  146  146  146  147  148  149  150  151  151  154  155  155  156  157  158  159  160  160  160  161  162  163
  167  168  168  168  169  170  171  172  173  173  176  177  177  178  179  180  181  181  182  182  183  184  185
  231  229  229  227  230  228  231  230  232  230  226  224  226  225  228  226  229  227  228  226  228  227  230
  241  239  239  237  239  237  240  238  240  238  242  240  242  240  242  241  243  241  241  239  241  240  242
  243  242  242  242  242  242  242  241  241  241  243  242  242  242  242  242  242  241  242  242  242  242  242
  242  242  242  242  242  242  242  242  242  242  242  242  242  242  242  242  242  242  242  242  242  242  242
  240  240  240  240  240  240  240  240  240  240  240  240  240  240  240  240  240  240  240  240  240  240  240

  Columns 70 through 92

  168  168  168  170  170  170  170  170  170  170  172  172  176  180  181  185  183  183  180  179  173  174  180
  171  171  171  172  172  172  172  172  172  172  172  173  175  179  182  184  184  182  179  180  173  171  178
  183  183  183  182  182  182  182  182  182  182  179  173  173  177  179  181  181  179  177  175  169  167  171
  188  188  188  186  186  186  186  186  186  186  183  173  171  174  176  180  178  176  174  171  170  172  176
  182  183  183  183  183  183  183  183  183  183  179  171  169  173  175  178  176  175  171  153  158  164  166
  142  142  143  146  146  146  146  146  146  146  142  141  141  144  146  150  148  146  143  148  151  152  147
  120  121  121  122  122  122  122  122  122  122  122  128  129  133  135  138  136  135  131  123  120  115  113
   40   42   41   39   37   39   37   39   37   39   40   44   48   51   53   55   55   51   48   51   43   40   50
  129  131  129  132  131  134  134  139  139  143  146  154  161  168  171  171  165  154  147  106   77   26   44
  209  209  209  203  203  204  205  206  207  208  210  207  210  214  217  218  214  209  204  190  161   92   48
  216  216  216  220  220  219  219  219  218  218  216  219  216  218  220  222  221  221  219  220  211  157   61
  229  231  229  230  228  230  227  229  226  228  223  214  212  214  215  216  217  215  214  200  207  185   70
  219  221  219  219  217  219  217  219  218  220  216  215  213  217  219  219  219  214  209  206  204  192   72
  212  212  212  213  213  214  215  215  216  216  216  205  206  211  212  212  209  205  199  205  195  193   82
  200  200  200  192  193  193  193  193  194  194  194  203  205  208  210  210  207  205  199  189  182  186   90
  185  185  185  186  186  186  186  185  185  185  187  191  193  197  198  199  200  197  194  190  183  180   83
  179  179  179  178  178  178  178  178  178  178  178  177  178  184  187  189  189  184  178  173  163  172   81
  173  173  173  172  172  172  172  172  172  172  170  168  170  175  179  184  183  177  170  166  157  164   83
  168  168  168  167  167  167  167  167  167  167  165  163  164  170  173  179  177  171  164  159  153  156   85
  161  163  161  163  161  163  161  163  161  163  159  158  160  165  168  172  170  167  160  152  151  146   90
  156  158  156  158  156  158  156  158  156  158  155  152  152  157  163  164  163  159  152  149  146  133   92
  152  152  152  153  153  153  153  153  153  153  151  145  145  151  154  158  156  151  145  142  139  117   91
  147  147  147  148  148  148  148  148  148  148  144  138  138  143  147  150  149  143  138  134  130   99   87
  141  141  141  142  142  142  142  142  142  142  139  131  131  137  138  142  140  135  130  123  120   87   84
  135  135  135  136  136  136  136  136  136  136  132  130  127  131  134  135  133  130  126  118   91   85   87
  132  132  132  131  131  131  131  131  131  131  128  120  120  127  130  131  128  123  117   97   78   80   86
  125  125  125  124  124  124  124  124  124  124  122  114  114  122  126  126  120  111  102   83   71   81   91
  118  118  118  120  120  120  120  120  120  120  117  110  111  118  118  115  107   95   88   82   76   89   98
  113  113  113  114  114  114  114  114  114  114  112  106  105  108  106  104   98   89   83   86   80   94   99
  109  109  109  108  108  108  108  108  108  108  107   99   98   99   99  100   97   92   88   85   78   93   99
  104  104  104  103  103  103  103  103  103  103  101   95   94   96   98   98   98   95   91   86   80   95  104
   98   98   98   99   99   99   99   99   99   99   97   97   96  100  101  102  100   96   93   94   90  105  111
  104  104  104  104  104  104  104  104  104  104  104  102  102  104  106  107  106  104  102  101  105  106  119
  105  105  105  105  105  105  105  105  105  105  105  105  105  107  107  107  107  105  105  104  110  112  123
  106  106  106  106  106  106  106  106  106  106  106  106  107  107  107  107  106  104  104  103  111  113  127
  106  106  106  106  106  106  106  106  106  106  106  108  108  108  108  106  104  102  102  101  111  116  127
  108  108  108  108  108  108  108  108  108  108  108  110  110  108  106  105  103   99   99   99  111  118  129
  110  110  110  110  110  110  110  110  110  110  110  112  112  112  109  107  103  102  100  100  112  122  133
  116  116  116  116  116  116  116  116  116  116  116  118  116  116  114  111  107  104  104  104  117  127  138
  124  124  124  124  124  124  124  124  124  124  124  126  126  124  122  118  115  111  111  110  124  133  146
  134  134  134  134  134  134  134  134  134  134  134  137  137  135  133  131  128  124  124  122  128  144  159
  149  150  150  148  148  148  148  148  148  148  148  149  149  149  147  145  143  140  140  138  140  151  164
  167  167  168  167  167  167  167  167  167  167  167  168  168  168  168  168  166  164  163  159  161  168  179
  164  164  165  167  167  167  167  167  167  167  167  166  166  168  168  170  170  168  166  163  164  168  174
  186  187  187  189  189  189  189  189  189  189  188  187  187  189  192  194  196  194  192  190  187  189  191
  228  231  229  230  228  230  228  230  228  230  226  224  224  229  232  236  238  238  234  230  226  223  222
  240  242  240  241  239  241  239  241  239  241  237  234  234  240  245  249  250  250  247  241  236  232  229
  241  241  241  242  242  242  242  242  242  242  241  238  238  243  247  250  252  252  249  243  242  238  236
  242  242  242  242  242  242  242  242  242  242  242  240  240  242  244  244  245  245  244  242  242  240  240
  240  240  240  240  240  240  240  240  240  240  240  240  240  240  240  240  240  240  240  240  240  240  240

  Columns 93 through 100

  186  183  189  190  180  175  175  175
  188  189  194  192  180  175  175  175
  181  182  187  185  181  177  177  177
  181  186  191  192  182  178  178  178
  167  172  182  188  182  180  180  180
  146  153  165  174  181  181  181  181
  126  149  171  180  183  183  183  183
   86  131  164  178  181  183  183  183
   80  157  145  179  184  186  186  186
   66  149  153  182  182  186  186  186
   70  148  159  172  184  188  188  188
   81  148  162  171  185  189  189  189
   83  142  162  187  187  191  191  191
   90  145  156  192  188  192  192  192
   99  159  155  188  190  194  194  194
   89  165  158  195  192  194  194  194
   98  157  171  192  197  197  197  197
   98  158  175  198  197  197  197  197
   99  159  178  202  199  199  199  199
  101  159  178  203  200  200  200  200
  103  159  178  201  202  202  202  202
  103  162  178  200  203  203  203  203
  104  166  182  199  205  205  205  205
  104  167  183  200  205  205  205  205
  118  161  181  200  208  208  208  208
  118  161  183  204  208  208  208  208
  121  161  183  207  210  210  210  210
  122  161  183  207  211  211  211  211
  122  157  184  210  213  213  213  213
  121  159  185  212  214  214  214  214
  126  163  187  211  216  216  216  216
  135  166  186  208  214  216  216  216
  142  161  183  211  216  218  218  218
  147  163  184  211  214  218  218  218
  148  165  186  215  218  220  220  220
  151  168  189  218  219  221  221  221
  153  169  192  219  221  223  223  223
  155  172  195  222  224  224  224  224
  161  176  199  226  226  226  226  226
  165  180  200  228  226  226  226  226
  170  179  205  234  229  229  229  229
  172  178  203  229  229  229  229  229
  184  192  212  235  231  231  231  231
  182  190  209  227  232  232  232  232
  197  203  219  230  234  234  234  234
  224  229  237  242  235  235  235  235
  229  231  235  234  237  237  237  237
  237  239  241  238  237  237  237  237
  240  240  240  240  240  240  240  240
  240  240  240  240  240  240  240  240

