
rectdi(:,:,1) =

  Columns 1 through 23

  255  255  255  255  255  255  255  255  255  255  255  255  255  255  255  255  255  255  255  255  255  255  255
  255  255  255  255  255  255  255  255  255  255  255  255  255  255  255  255  255  255  255  255  255  255  255
  255  255  255  255  255  255  255  255  255  255  255  255  255  255  255  255  255  255  255  255  255  255  255
  255  255  255  255  255  255  255  255  255  255  255  255  255  255  255  255  255  255  255  255  255  255  255
  255  255  255  255  255  255  255  255  255  255  255  255  255  255  255  255  255  255  255  255  255  255  255
  255  255  255  255  255  255  250  250  232  232  232  232  232  236  236  236  242  244  244  244  244  244  244
  255  255  255  255  255  255  212  194  212  208  208  208  208  212  212  208  206  202  202  202  202  202  202
  255  255  255  255  255  255  180  138  100   96   94   94   96  100  100   96   88   86   86   86   86   86   86
  255  255  255  255  255  234  214  110   94  120  140  222  255  255  255  255  255  255  255  255  255  255  255
  255  255  255  255  255  234  212  110  138  255  255  255  255  255  255  255  255  255  255  255  255  255  255
  255  255  255  255  255  234  214  114  216  255  255  255  255  255  255  255  255  255  255  255  255  255  255
  255  255  255  255  255  232  216  122  255  255  255  255  255  255  255  255  255  255  255  255  255  255  255
  255  255  255  255  255  232  218  134  255  255  255  255  255  255  255  255  255  255  255  255  255  255  255
  255  255  255  255  255  236  224  146  255  255  255  255  255  255  255  255  255  255  255  255  255  255  255
  255  255  255  255  255  236  226  152  255  255  255  255  255  255  255  255  255  255  255  255  255  255  255
  255  255  255  255  255  236  228  156  255  255  255  255  255  255  255  255  255  255  255  255  255  255  255
  255  255  255  255  255  246  222  182  255  255  255  255  255  255  255  255  255  255  255  255  255  255  255
  255  255  255  255  255  250  224  182  255  255  255  255  255  255  255  255  255  255  255  255  255  255  255
  255  255  255  255  255  246  224  186  255  255  255  255  255  255  255  255  255  255  255  255  255  255  255
  255  255  255  255  255  246  226  194  255  255  255  255  255  255  255  255  255  255  255  255  255  255  255
  255  255  255  255  255  246  224  202  255  255  255  255  255  255  255  255  255  255  255  255  255  255  255
  255  255  255  255  255  244  226  206  244  255  255  255  255  255  255  255  255  255  255  255  255  255  255
  255  255  255  255  255  244  226  210  214  255  255  255  255  255  255  255  255  255  255  255  255  255  255
  255  255  255  255  255  240  224  210  196  246  255  255  255  255  255  255  255  255  255  255  255  255  255
  255  255  255  255  255  236  220  230  206  216  238  255  255  255  255  255  255  255  255  255  255  255  255
  255  255  255  255  255  236  218  232  204  204  218  240  255  255  255  255  255  255  255  255  255  255  255
  255  255  255  255  255  234  218  236  212  204  202  212  232  254  255  255  255  255  255  255  255  255  255
  255  255  255  255  255  234  220  240  230  212  204  202  210  228  250  255  255  255  255  255  255  255  255
  255  255  255  255  255  230  220  248  238  220  206  202  204  216  230  238  255  255  255  255  255  255  255
  255  255  255  255  255  230  222  252  236  222  212  208  214  220  226  234  240  242  246  250  255  255  255
  255  255  255  255  255  230  222  255  240  226  218  218  220  226  230  232  234  234  242  240  248  248  254
  255  255  255  255  255  230  224  255  250  236  226  224  224  228  232  236  244  244  244  242  242  240  242
  255  255  255  255  255  232  226  255  255  246  240  238  240  246  254  254  252  248  252  248  252  248  252
  255  255  255  255  255  236  230  255  255  252  246  244  250  252  255  255  254  252  252  252  252  252  252
  255  255  255  255  255  238  234  255  255  255  248  246  252  255  255  255  255  255  255  255  255  255  255
  255  255  255  255  255  236  234  255  255  255  254  252  254  255  255  255  255  255  255  255  255  255  255
  255  255  255  255  255  234  234  255  255  255  255  255  255  255  255  255  255  255  255  255  255  255  255
  255  255  255  255  255  234  236  255  255  255  255  255  255  255  255  255  255  255  255  255  255  255  255
  255  255  255  255  255  236  242  255  255  255  255  255  255  255  255  255  255  255  255  255  255  255  255
  255  255  255  255  255  240  250  255  255  255  255  255  255  255  255  255  255  255  255  255  255  255  255
  255  255  255  255  255  236  255  255  255  255  255  255  255  255  255  255  255  255  255  255  255  255  255
  255  255  255  255  255  236  255  255  255  255  255  255  255  255  255  255  255  255  255  255  255  255  255
  255  255  255  255  255  255  255  255  255  255  255  255  255  255  255  255  255  255  255  255  255  255  255
  255  255  255  255  255  252  238  255  250  238  234  236  242  250  254  255  255  255  255  255  255  255  255
  255  255  255  255  255  255  255  255  255  255  255  255  255  255  255  255  255  255  255  255  255  255  255
  255  255  255  255  255  255  255  255  255  255  255  255  255  255  255  255  255  255  255  255  255  255  255
  255  255  255  255  255  255  255  255  255  255  255  255  255  255  255  255  255  255  255  255  255  255  255
  255  255  255  255  255  255  255  255  255  255  255  255  255  255  255  255  255  255  255  255  255  255  255
  255  255  255  255  255  255  255  255  255  255  255  255  255  255  255  255  255  255  255  255  255  255  255
  255  255  255  255  255  255  255  255  255  255  255  255  255  255  255  255  255  255  255  255  255  255  255

  Columns 24 through 46

  255  255  255  255  255  255  255  255  255  255  255  255  255  255  255  255  255  255  255  255  255  255  255
  255  255  255  255  255  255  255  255  255  255  255  255  255  255  255  255  255  255  255  255  255  255  255
  255  255  255  255  255  255  255  255  255  255  255  255  255  255  255  255  255  255  255  255  255  255  255
  255  255  255  255  255  255  255  255  255  255  255  255  255  255  255  255  255  255  255  255  255  255  255
  255  255  255  255  255  255  255  255  255  255  255  255  255  255  255  255  255  255  255  255  255  255  255
  244  244  244  244  244  244  244  244  244  244  244  244  244  244  244  244  244  252  252  252  252  252  252
  202  202  202  202  202  202  202  202  202  202  202  202  202  202  202  202  202  216  216  216  216  216  216
   86   86   86   86   86   86   86   86   86   86   86   86   86   86   86   86   86   86   86   86   86   86   86
  255  255  255  255  255  255  255  255  255  255  255  255  255  255  255  255  255  255  255  255  255  255  255
  255  255  255  255  255  255  255  255  255  255  255  255  255  255  255  255  255  255  255  255  255  255  255
  255  255  255  255  255  255  255  255  255  255  255  255  255  255  255  255  255  255  255  255  255  255  255
  255  255  255  255  255  255  255  255  255  255  255  255  255  255  255  255  255  255  255  255  255  255  255
  255  255  255  255  255  255  255  255  255  255  255  255  255  255  255  255  255  255  255  255  255  255  255
  255  255  255  255  255  255  255  255  255  255  255  255  255  255  255  255  255  255  255  255  255  255  255
  255  255  255  255  255  255  255  255  255  255  255  255  255  255  255  255  255  255  255  255  255  255  255
  255  255  255  255  255  255  255  255  255  255  255  255  255  255  255  255  255  255  255  255  255  255  255
  255  255  255  255  255  255  255  255  255  255  255  255  255  255  255  255  255  255  255  255  255  255  255
  255  255  255  255  255  255  255  255  255  255  255  255  255  255  255  255  255  255  255  255  255  255  255
  255  255  255  255  255  255  255  255  255  255  255  255  255  255  255  255  255  255  255  255  255  255  255
  255  255  255  255  255  255  255  255  255  255  255  255  255  255  255  255  255  255  255  255  255  255  255
  255  255  255  255  255  255  255  255  255  255  255  255  255  255  255  255  255  255  255  255  255  255  255
  255  255  255  255  255  255  255  255  255  255  255  255  255  255  255  255  255  255  255  255  255  255  255
  255  255  255  255  255  255  255  255  255  255  255  255  255  255  255  255  255  255  255  255  255  255  255
  255  255  255  255  255  255  255  255  255  255  255  255  255  255  255  255  255  255  255  255  255  255  255
  255  255  255  255  255  255  255  255  255  255  255  255  255  255  255  255  255  255  255  255  255  255  255
  255  255  255  255  255  255  255  255  255  255  255  255  255  255  255  255  255  255  255  255  255  255  255
  255  255  255  255  255  255  255  255  255  255  255  255  255  255  255  255  255  255  255  255  255  255  255
  255  255  255  255  255  255  255  255  255  255  255  255  255  255  255  255  255  255  255  255  255  255  255
  255  255  255  255  255  255  255  255  255  255  255  255  255  255  255  255  255  255  255  255  255  255  255
  255  255  255  255  255  255  255  255  255  255  255  255  255  255  255  255  255  255  255  255  255  255  255
  252  255  254  255  254  255  254  255  254  255  254  255  254  255  254  255  254  255  254  255  254  255  254
  238  246  244  246  244  246  244  246  244  246  244  246  244  246  244  246  244  246  244  246  244  246  244
  248  252  248  252  248  252  248  252  248  252  248  252  248  252  248  252  248  254  250  254  250  254  250
  252  252  252  252  252  252  252  252  252  252  252  252  252  252  252  252  252  252  252  252  252  252  252
  255  255  255  255  255  255  255  255  255  255  255  255  255  255  255  255  255  255  255  255  255  255  255
  255  255  255  255  255  255  255  255  255  255  255  255  255  255  255  255  255  255  255  255  255  255  255
  255  255  255  255  255  255  255  255  255  255  255  255  255  255  255  255  255  255  255  255  255  255  255
  255  255  255  255  255  255  255  255  255  255  255  255  255  255  255  255  255  255  255  255  255  255  255
  255  255  255  255  255  255  255  255  255  255  255  255  255  255  255  255  255  255  255  255  255  255  255
  255  255  255  255  255  255  255  255  255  255  255  255  255  255  255  255  255  255  255  255  255  255  255
  255  255  255  255  255  255  255  255  255  255  255  255  255  255  255  255  255  255  255  255  255  255  255
  255  255  255  255  255  255  255  255  255  255  255  255  255  255  255  255  255  255  255  255  255  255  255
  255  255  255  255  255  255  255  255  255  255  255  255  255  255  255  255  255  255  255  255  255  255  255
  255  255  255  255  255  255  255  255  255  255  255  255  255  255  255  255  255  255  255  255  255  255  255
  255  255  255  255  255  255  255  255  255  255  255  255  255  255  255  255  255  255  255  255  255  255  255
  255  255  255  255  255  255  255  255  255  255  255  255  255  255  255  255  255  255  255  255  255  255  255
  255  255  255  255  255  255  255  255  255  255  255  255  255  255  255  255  255  255  255  255  255  255  255
  255  255  255  255  255  255  255  255  255  255  255  255  255  255  255  255  255  255  255  255  255  255  255
  255  255  255  255  255  255  255  255  255  255  255  255  255  255  255  255  255  255  255  255  255  255  255
  255  255  255  255  255  255  255  255  255  255  255  255  255  255  255  255  255  255  255  255  255  255  255

  Columns 47 through 69

  255  255  255  255  255  255  255  255  255  255  255  255  255  255  255  255  255  255  255  255  255  255  255
  255  255  255  255  255  255  255  255  255  255  255  255  255  255  255  255  255  255  255  255  255  255  255
  255  255  255  255  255  255  255  255  255  255  255  255  255  255  255  255  255  255  255  255  255  255  255
  255  255  255  255  255  255  255  255  255  255  255  255  255  255  255  255  255  255  255  255  255  255  255
  255  255  255  255  255  255  255  255  255  255  255  255  255  255  255  255  255  255  255  255  255  255  255
  252  252  255  255  255  255  255  255  255  255  255  255  255  255  255  255  255  255  255  255  255  255  255
  216  216  222  222  222  222  222  222  222  222  228  228  228  228  228  228  228  228  232  232  238  234  240
   86   86   84   84   84   84   84   84   84   84   86   86   86   86   86   86   86   86   78   74   80   78   84
  255  255  255  255  255  255  255  255  255  255  255  255  255  255  255  255  255  255  255  255  255  255  255
  255  255  255  255  255  255  255  255  255  255  255  255  255  255  255  255  255  255  255  255  255  255  255
  255  255  255  255  255  255  255  255  255  255  255  255  255  255  255  255  255  255  255  255  255  255  255
  255  255  255  255  255  255  255  255  255  255  255  255  255  255  255  255  255  255  255  255  255  255  255
  255  255  255  255  255  255  255  255  255  255  255  255  255  255  255  255  255  255  255  255  255  255  255
  255  255  255  255  255  255  255  255  255  255  255  255  255  255  255  255  255  255  255  255  255  255  255
  255  255  255  255  255  255  255  255  255  255  255  255  255  255  255  255  255  255  255  255  255  255  255
  255  255  255  255  255  255  255  255  255  255  255  255  255  255  255  255  255  255  255  255  255  255  255
  255  255  255  255  255  255  255  255  255  255  255  255  255  255  255  255  255  255  255  255  255  255  255
  255  255  255  255  255  255  255  255  255  255  255  255  255  255  255  255  255  255  255  255  255  255  255
  255  255  255  255  255  255  255  255  255  255  255  255  255  255  255  255  255  255  255  255  255  255  255
  255  255  255  255  255  255  255  255  255  255  255  255  255  255  255  255  255  255  255  255  255  255  255
  255  255  255  255  255  255  255  255  255  255  255  255  255  255  255  255  255  255  255  255  255  255  255
  255  255  255  255  255  255  255  255  255  255  255  255  255  255  255  255  255  255  255  255  255  255  255
  255  255  255  255  255  255  255  255  255  255  255  255  255  255  255  255  255  255  255  255  255  255  255
  255  255  255  255  255  255  255  255  255  255  255  255  255  255  255  255  255  255  255  255  255  255  255
  255  255  255  255  255  255  255  255  255  255  255  255  255  255  255  255  255  255  255  255  255  255  255
  255  255  255  255  255  255  255  255  255  255  255  255  255  255  255  255  255  255  255  255  255  255  255
  255  255  255  255  255  255  255  255  255  255  255  255  255  255  255  255  255  255  255  255  255  255  255
  255  255  255  255  255  255  255  255  255  255  255  255  255  255  255  255  255  255  255  255  255  255  255
  255  255  255  255  255  255  255  255  255  255  255  255  255  255  255  255  255  255  255  255  255  255  255
  255  255  255  255  255  255  255  255  255  255  255  255  255  255  255  255  255  255  255  255  255  255  255
  255  254  255  252  255  252  255  252  255  252  252  248  252  248  252  248  252  248  252  248  252  248  252
  246  244  244  242  244  242  244  242  244  242  244  242  244  242  244  242  244  242  240  238  240  238  240
  254  250  254  250  254  250  254  250  254  250  250  246  250  246  250  246  250  246  250  246  250  246  250
  252  252  252  252  252  252  252  252  252  252  250  250  250  250  250  250  250  250  250  250  250  250  250
  255  255  255  255  255  255  255  255  255  255  255  255  255  255  255  255  255  255  255  255  255  255  255
  255  255  255  255  255  255  255  255  255  255  255  255  255  255  255  255  255  255  255  255  255  255  255
  255  255  255  255  255  255  255  255  255  255  255  255  255  255  255  255  255  255  255  255  255  255  255
  255  255  255  255  255  255  255  255  255  255  255  255  255  255  255  255  255  255  255  255  255  255  255
  255  255  255  255  255  255  255  255  255  255  255  255  255  255  255  255  255  255  255  255  255  255  255
  255  255  255  255  255  255  255  255  255  255  255  255  255  255  255  255  255  255  255  255  255  255  255
  255  255  255  255  255  255  255  255  255  255  255  255  255  255  255  255  255  255  255  255  255  255  255
  255  255  255  255  255  255  255  255  255  255  255  255  255  255  255  255  255  255  255  255  255  255  255
  255  255  255  255  255  255  255  255  255  255  255  255  255  255  255  255  255  255  255  255  255  255  255
  255  255  255  255  255  255  255  255  255  255  255  255  255  255  255  255  255  255  255  255  255  255  255
  255  255  255  255  255  255  255  255  255  255  255  255  255  255  255  255  255  255  255  255  255  255  255
  255  255  255  255  255  255  255  255  255  255  255  255  255  255  255  255  255  255  255  255  255  255  255
  255  255  255  255  255  255  255  255  255  255  255  255  255  255  255  255  255  255  255  255  255  255  255
  255  255  255  255  255  255  255  255  255  255  255  255  255  255  255  255  255  255  255  255  255  255  255
  255  255  255  255  255  255  255  255  255  255  255  255  255  255  255  255  255  255  255  255  255  255  255
  255  255  255  255  255  255  255  255  255  255  255  255  255  255  255  255  255  255  255  255  255  255  255

  Columns 70 through 92

  255  255  255  255  255  255  255  255  255  255  255  255  255  255  255  255  255  255  255  255  255  255  255
  255  255  255  255  255  255  255  255  255  255  255  255  255  255  255  255  255  255  255  255  255  255  255
  255  255  255  255  255  255  255  255  255  255  255  255  255  255  255  255  255  255  255  255  255  255  255
  255  255  255  255  255  255  255  255  255  255  255  255  255  255  255  255  255  255  255  255  255  255  255
  255  255  255  255  255  255  255  255  255  255  255  255  255  255  255  255  255  255  255  255  255  255  255
  255  255  255  255  255  255  255  255  255  255  255  255  255  255  255  255  255  255  255  255  255  255  255
  238  244  240  246  242  246  242  246  242  246  242  250  254  255  255  255  255  255  254  242  238  228  222
   82   86   84   80   76   80   76   80   76   80   80   80   80   86   88   90   90   88   82   90   78   72   90
  255  255  255  255  255  255  255  255  255  255  255  255  255  255  255  255  255  255  255  202  144   42   80
  255  255  255  255  255  255  255  255  255  255  255  255  255  255  255  255  255  255  255  255  255  184   94
  255  255  255  255  255  255  255  255  255  255  255  255  255  255  255  255  255  255  255  255  255  255  142
  255  255  255  255  255  255  255  255  255  255  255  255  255  255  255  255  255  255  255  255  255  255  170
  255  255  255  255  255  255  255  255  255  255  255  255  255  255  255  255  255  255  255  255  255  255  174
  255  255  255  255  255  255  255  255  255  255  255  255  255  255  255  255  255  255  255  255  255  255  186
  255  255  255  255  255  255  255  255  255  255  255  255  255  255  255  255  255  255  255  255  255  255  186
  255  255  255  255  255  255  255  255  255  255  255  255  255  255  255  255  255  255  255  255  255  255  164
  255  255  255  255  255  255  255  255  255  255  255  255  255  255  255  255  255  255  255  255  255  255  170
  255  255  255  255  255  255  255  255  255  255  255  255  255  255  255  255  255  255  255  255  255  255  174
  255  255  255  255  255  255  255  255  255  255  255  255  255  255  255  255  255  255  255  255  255  255  182
  255  255  255  255  255  255  255  255  255  255  255  255  255  255  255  255  255  255  255  255  255  255  188
  255  255  255  255  255  255  255  255  255  255  255  255  255  255  255  255  255  255  255  255  255  255  196
  255  255  255  255  255  255  255  255  255  255  255  255  255  255  255  255  255  255  255  255  255  250  196
  255  255  255  255  255  255  255  255  255  255  255  255  255  255  255  255  255  255  255  255  255  218  190
  255  255  255  255  255  255  255  255  255  255  255  255  255  255  255  255  255  255  255  255  255  196  186
  255  255  255  255  255  255  255  255  255  255  255  255  255  255  255  255  255  255  255  255  210  194  194
  255  255  255  255  255  255  255  255  255  255  255  255  255  255  255  255  255  255  255  226  186  184  194
  255  255  255  255  255  255  255  255  255  255  255  255  255  255  255  255  255  250  236  200  176  190  206
  255  255  255  255  255  255  255  255  255  255  255  255  255  255  255  255  244  224  210  202  186  208  220
  255  255  255  255  255  255  255  255  255  255  255  254  252  254  248  242  230  212  204  206  194  218  224
  255  255  255  255  255  255  255  255  255  255  254  240  236  238  236  234  228  220  214  206  192  216  226
  248  252  248  250  246  250  246  250  246  250  244  234  230  234  234  234  234  228  220  210  200  224  236
  238  240  238  242  240  242  240  242  240  242  240  238  236  242  240  240  234  226  220  224  214  242  254
  246  250  246  250  246  250  246  250  246  250  250  250  252  252  250  250  244  238  236  234  244  246  255
  250  250  250  250  250  250  250  250  250  250  252  255  255  255  255  252  248  244  242  242  252  255  255
  255  255  255  255  255  255  255  255  255  255  255  255  255  255  255  255  252  250  246  248  255  255  255
  255  255  255  255  255  255  255  255  255  255  255  255  255  255  255  255  255  254  254  255  255  255  255
  255  255  255  255  255  255  255  255  255  255  255  255  255  255  255  255  255  255  255  255  255  255  255
  255  255  255  255  255  255  255  255  255  255  255  255  255  255  255  255  255  255  255  255  255  255  255
  255  255  255  255  255  255  255  255  255  255  255  255  255  255  255  255  255  255  255  255  255  255  255
  255  255  255  255  255  255  255  255  255  255  255  255  255  255  255  255  255  255  255  255  255  255  255
  255  255  255  255  255  255  255  255  255  255  255  255  255  255  255  255  255  255  255  255  255  255  255
  255  255  255  255  255  255  255  255  255  255  255  255  255  255  255  255  255  255  255  255  255  255  255
  255  255  255  255  255  255  255  255  255  255  255  255  255  255  255  255  255  255  255  255  255  255  255
  255  255  255  255  255  255  255  255  255  255  255  255  255  255  255  255  255  255  255  255  255  255  255
  255  255  255  255  255  255  255  255  255  255  255  255  255  255  255  255  255  255  255  255  255  255  255
  255  255  255  255  255  255  255  255  255  255  255  255  255  255  255  255  255  255  255  255  255  255  255
  255  255  255  255  255  255  255  255  255  255  255  255  255  255  255  255  255  255  255  255  255  255  255
  255  255  255  255  255  255  255  255  255  255  255  255  255  255  255  255  255  255  255  255  255  255  255
  255  255  255  255  255  255  255  255  255  255  255  255  255  255  255  255  255  255  255  255  255  255  255
  255  255  255  255  255  255  255  255  255  255  255  255  255  255  255  255  255  255  255  255  255  255  255

  Columns 93 through 100

  255  255  255  255  255  255  255  255
  255  255  255  255  255  255  255  255
  255  255  255  255  255  255  255  255
  255  255  255  255  255  255  255  255
  255  255  255  255  255  255  255  255
  255  255  255  255  255  255  255  255
  244  255  255  255  255  255  255  255
  156  244  255  255  255  255  255  255
  144  255  255  255  255  255  255  255
  130  255  255  255  255  255  255  255
  158  255  255  255  255  255  255  255
  188  255  255  255  255  255  255  255
  192  255  255  255  255  255  255  255
  196  255  255  255  255  255  255  255
  196  255  255  255  255  255  255  255
  176  255  255  255  255  255  255  255
  200  255  255  255  255  255  255  255
  204  255  255  255  255  255  255  255
  206  255  255  255  255  255  255  255
  208  255  255  255  255  255  255  255
  214  255  255  255  255  255  255  255
  214  255  255  255  255  255  255  255
  220  255  255  255  255  255  255  255
  222  255  255  255  255  255  255  255
  248  255  255  255  255  255  255  255
  252  255  255  255  255  255  255  255
  255  255  255  255  255  255  255  255
  255  255  255  255  255  255  255  255
  255  255  255  255  255  255  255  255
  255  255  255  255  255  255  255  255
  255  255  255  255  255  255  255  255
  255  255  255  255  255  255  255  255
  255  255  255  255  255  255  255  255
  255  255  255  255  255  255  255  255
  255  255  255  255  255  255  255  255
  255  255  255  255  255  255  255  255
  255  255  255  255  255  255  255  255
  255  255  255  255  255  255  255  255
  255  255  255  255  255  255  255  255
  255  255  255  255  255  255  255  255
  255  255  255  255  255  255  255  255
  255  255  255  255  255  255  255  255
  255  255  255  255  255  255  255  255
  255  255  255  255  255  255  255  255
  255  255  255  255  255  255  255  255
  255  255  255  255  255  255  255  255
  255  255  255  255  255  255  255  255
  255  255  255  255  255  255  255  255
  255  255  255  255  255  255  255  255
  255  255  255  255  255  255  255  255


rectdi(:,:,2) =

  Columns 1 through 23

  255  255  255  255  255  255  255  255  255  255  255  255  255  255  255  255  255  255  255  255  255  255  255
  255  255  255  255  255  255  255  255  255  255  255  255  255  255  255  255  255  255  255  255  255  255  255
  255  255  255  255  255  255  255  255  255  255  255  255  255  255  255  255  255  255  255  255  255  255  255
  255  255  255  255  255  255  255  255  255  255  255  255  255  255  255  255  255  255  255  255  255  255  255
  255  255  255  255  255  255  255  255  255  255  255  255  255  255  255  255  255  255  255  255  255  255  255
  255  255  255  255  255  255  255  255  255  255  255  255  255  255  255  255  255  255  255  255  255  255  255
  255  255  255  255  255  255  255  244  255  255  255  255  255  255  255  255  255  255  255  255  255  255  255
  255  255  255  255  255  255  230  198  164  166  168  168  166  164  164  166  170  174  172  174  172  174  172
  255  255  255  255  255  255  255  174  168  198  218  255  255  255  255  255  255  255  255  255  255  255  255
  255  255  255  255  255  255  255  180  216  255  255  255  255  255  255  255  255  255  255  255  255  255  255
  255  255  255  255  255  255  255  188  255  255  255  255  255  255  255  255  255  255  255  255  255  255  255
  255  255  255  255  255  255  255  196  255  255  255  255  255  255  255  255  255  255  255  255  255  255  255
  255  255  255  255  255  255  255  204  255  255  255  255  255  255  255  255  255  255  255  255  255  255  255
  255  255  255  255  255  255  255  210  255  255  255  255  255  255  255  255  255  255  255  255  255  255  255
  255  255  255  255  255  255  255  216  255  255  255  255  255  255  255  255  255  255  255  255  255  255  255
  255  255  255  255  255  255  255  220  255  255  255  255  255  255  255  255  255  255  255  255  255  255  255
  255  255  255  255  255  255  255  250  255  255  255  255  255  255  255  255  255  255  255  255  255  255  255
  255  255  255  255  255  255  255  255  255  255  255  255  255  255  255  255  255  255  255  255  255  255  255
  255  255  255  255  255  255  255  255  255  255  255  255  255  255  255  255  255  255  255  255  255  255  255
  255  255  255  255  255  255  255  255  255  255  255  255  255  255  255  255  255  255  255  255  255  255  255
  255  255  255  255  255  255  255  255  255  255  255  255  255  255  255  255  255  255  255  255  255  255  255
  255  255  255  255  255  255  255  255  255  255  255  255  255  255  255  255  255  255  255  255  255  255  255
  255  255  255  255  255  255  255  255  255  255  255  255  255  255  255  255  255  255  255  255  255  255  255
  255  255  255  255  255  255  255  255  255  255  255  255  255  255  255  255  255  255  255  255  255  255  255
  255  255  255  255  255  255  255  255  255  255  255  255  255  255  255  255  255  255  255  255  255  255  255
  255  255  255  255  255  255  255  255  255  255  255  255  255  255  255  255  255  255  255  255  255  255  255
  255  255  255  255  255  255  255  255  255  255  255  255  255  255  255  255  255  255  255  255  255  255  255
  255  255  255  255  255  255  255  255  255  255  255  255  255  255  255  255  255  255  255  255  255  255  255
  255  255  255  255  255  255  255  255  255  255  255  255  255  255  255  255  255  255  255  255  255  255  255
  255  255  255  255  255  255  255  255  255  255  255  255  255  255  255  255  255  255  255  255  255  255  255
  255  255  255  255  255  255  255  255  255  255  255  255  255  255  255  255  255  255  255  255  255  255  255
  255  255  255  255  255  255  255  255  255  255  255  255  255  255  255  255  255  255  255  255  255  255  255
  255  255  255  255  255  255  255  255  255  255  255  255  255  255  255  255  255  255  255  255  255  255  255
  255  255  255  255  255  255  255  255  255  255  255  255  255  255  255  255  255  255  255  255  255  255  255
  255  255  255  255  255  255  255  255  255  255  255  255  255  255  255  255  255  255  255  255  255  255  255
  255  255  255  255  255  255  255  255  255  255  255  255  255  255  255  255  255  255  255  255  255  255  255
  255  255  255  255  255  255  255  255  255  255  255  255  255  255  255  255  255  255  255  255  255  255  255
  255  255  255  255  255  255  255  255  255  255  255  255  255  255  255  255  255  255  255  255  255  255  255
  255  255  255  255  255  255  255  255  255  255  255  255  255  255  255  255  255  255  255  255  255  255  255
  255  255  255  255  255  255  255  255  255  255  255  255  255  255  255  255  255  255  255  255  255  255  255
  255  255  255  255  255  255  255  255  255  255  255  255  255  255  255  255  255  255  255  255  255  255  255
  255  255  255  255  255  255  255  255  255  255  255  255  255  255  255  255  255  255  255  255  255  255  255
  255  255  255  255  255  255  255  255  255  255  255  255  255  255  255  255  255  255  255  255  255  255  255
  255  255  255  255  255  255  255  255  255  255  255  255  255  255  255  255  255  255  255  255  255  255  255
  255  255  255  255  255  255  255  255  255  255  255  255  255  255  255  255  255  255  255  255  255  255  255
  255  255  255  255  255  255  255  255  255  255  255  255  255  255  255  255  255  255  255  255  255  255  255
  255  255  255  255  255  255  255  255  255  255  255  255  255  255  255  255  255  255  255  255  255  255  255
  255  255  255  255  255  255  255  255  255  255  255  255  255  255  255  255  255  255  255  255  255  255  255
  255  255  255  255  255  255  255  255  255  255  255  255  255  255  255  255  255  255  255  255  255  255  255
  255  255  255  255  255  255  255  255  255  255  255  255  255  255  255  255  255  255  255  255  255  255  255

  Columns 24 through 46

  255  255  255  255  255  255  255  255  255  255  255  255  255  255  255  255  255  255  255  255  255  255  255
  255  255  255  255  255  255  255  255  255  255  255  255  255  255  255  255  255  255  255  255  255  255  255
  255  255  255  255  255  255  255  255  255  255  255  255  255  255  255  255  255  255  255  255  255  255  255
  255  255  255  255  255  255  255  255  255  255  255  255  255  255  255  255  255  255  255  255  255  255  255
  255  255  255  255  255  255  255  255  255  255  255  255  255  255  255  255  255  255  255  255  255  255  255
  255  255  255  255  255  255  255  255  255  255  255  255  255  255  255  255  255  255  255  255  255  255  255
  255  255  255  255  255  255  255  255  255  255  255  255  255  255  255  255  255  255  255  255  255  255  255
  174  172  174  172  174  172  174  172  174  172  174  172  174  172  174  172  174  172  174  172  174  172  174
  255  255  255  255  255  255  255  255  255  255  255  255  255  255  255  255  255  255  255  255  255  255  255
  255  255  255  255  255  255  255  255  255  255  255  255  255  255  255  255  255  255  255  255  255  255  255
  255  255  255  255  255  255  255  255  255  255  255  255  255  255  255  255  255  255  255  255  255  255  255
  255  255  255  255  255  255  255  255  255  255  255  255  255  255  255  255  255  255  255  255  255  255  255
  255  255  255  255  255  255  255  255  255  255  255  255  255  255  255  255  255  255  255  255  255  255  255
  255  255  255  255  255  255  255  255  255  255  255  255  255  255  255  255  255  255  255  255  255  255  255
  255  255  255  255  255  255  255  255  255  255  255  255  255  255  255  255  255  255  255  255  255  255  255
  255  255  255  255  255  255  255  255  255  255  255  255  255  255  255  255  255  255  255  255  255  255  255
  255  255  255  255  255  255  255  255  255  255  255  255  255  255  255  255  255  255  255  255  255  255  255
  255  255  255  255  255  255  255  255  255  255  255  255  255  255  255  255  255  255  255  255  255  255  255
  255  255  255  255  255  255  255  255  255  255  255  255  255  255  255  255  255  255  255  255  255  255  255
  255  255  255  255  255  255  255  255  255  255  255  255  255  255  255  255  255  255  255  255  255  255  255
  255  255  255  255  255  255  255  255  255  255  255  255  255  255  255  255  255  255  255  255  255  255  255
  255  255  255  255  255  255  255  255  255  255  255  255  255  255  255  255  255  255  255  255  255  255  255
  255  255  255  255  255  255  255  255  255  255  255  255  255  255  255  255  255  255  255  255  255  255  255
  255  255  255  255  255  255  255  255  255  255  255  255  255  255  255  255  255  255  255  255  255  255  255
  255  255  255  255  255  255  255  255  255  255  255  255  255  255  255  255  255  255  255  255  255  255  255
  255  255  255  255  255  255  255  255  255  255  255  255  255  255  255  255  255  255  255  255  255  255  255
  255  255  255  255  255  255  255  255  255  255  255  255  255  255  255  255  255  255  255  255  255  255  255
  255  255  255  255  255  255  255  255  255  255  255  255  255  255  255  255  255  255  255  255  255  255  255
  255  255  255  255  255  255  255  255  255  255  255  255  255  255  255  255  255  255  255  255  255  255  255
  255  255  255  255  255  255  255  255  255  255  255  255  255  255  255  255  255  255  255  255  255  255  255
  255  255  255  255  255  255  255  255  255  255  255  255  255  255  255  255  255  255  255  255  255  255  255
  255  255  255  255  255  255  255  255  255  255  255  255  255  255  255  255  255  255  255  255  255  255  255
  255  255  255  255  255  255  255  255  255  255  255  255  255  255  255  255  255  255  255  255  255  255  255
  255  255  255  255  255  255  255  255  255  255  255  255  255  255  255  255  255  255  255  255  255  255  255
  255  255  255  255  255  255  255  255  255  255  255  255  255  255  255  255  255  255  255  255  255  255  255
  255  255  255  255  255  255  255  255  255  255  255  255  255  255  255  255  255  255  255  255  255  255  255
  255  255  255  255  255  255  255  255  255  255  255  255  255  255  255  255  255  255  255  255  255  255  255
  255  255  255  255  255  255  255  255  255  255  255  255  255  255  255  255  255  255  255  255  255  255  255
  255  255  255  255  255  255  255  255  255  255  255  255  255  255  255  255  255  255  255  255  255  255  255
  255  255  255  255  255  255  255  255  255  255  255  255  255  255  255  255  255  255  255  255  255  255  255
  255  255  255  255  255  255  255  255  255  255  255  255  255  255  255  255  255  255  255  255  255  255  255
  255  255  255  255  255  255  255  255  255  255  255  255  255  255  255  255  255  255  255  255  255  255  255
  255  255  255  255  255  255  255  255  255  255  255  255  255  255  255  255  255  255  255  255  255  255  255
  255  255  255  255  255  255  255  255  255  255  255  255  255  255  255  255  255  255  255  255  255  255  255
  255  255  255  255  255  255  255  255  255  255  255  255  255  255  255  255  255  255  255  255  255  255  255
  255  255  255  255  255  255  255  255  255  255  255  255  255  255  255  255  255  255  255  255  255  255  255
  255  255  255  255  255  255  255  255  255  255  255  255  255  255  255  255  255  255  255  255  255  255  255
  255  255  255  255  255  255  255  255  255  255  255  255  255  255  255  255  255  255  255  255  255  255  255
  255  255  255  255  255  255  255  255  255  255  255  255  255  255  255  255  255  255  255  255  255  255  255
  255  255  255  255  255  255  255  255  255  255  255  255  255  255  255  255  255  255  255  255  255  255  255

  Columns 47 through 69

  255  255  255  255  255  255  255  255  255  255  255  255  255  255  255  255  255  255  255  255  255  255  255
  255  255  255  255  255  255  255  255  255  255  255  255  255  255  255  255  255  255  255  255  255  255  255
  255  255  255  255  255  255  255  255  255  255  255  255  255  255  255  255  255  255  255  255  255  255  255
  255  255  255  255  255  255  255  255  255  255  255  255  255  255  255  255  255  255  255  255  255  255  255
  255  255  255  255  255  255  255  255  255  255  255  255  255  255  255  255  255  255  255  255  255  255  255
  255  255  255  255  255  255  255  255  255  255  255  255  255  255  255  255  255  255  255  255  255  255  255
  255  255  255  255  255  255  255  255  255  255  255  255  255  255  255  255  255  255  255  255  255  255  255
  172  174  170  172  170  172  170  172  170  172  172  174  172  174  172  174  172  174  164  166  166  170  170
  255  255  255  255  255  255  255  255  255  255  255  255  255  255  255  255  255  255  255  255  255  255  255
  255  255  255  255  255  255  255  255  255  255  255  255  255  255  255  255  255  255  255  255  255  255  255
  255  255  255  255  255  255  255  255  255  255  255  255  255  255  255  255  255  255  255  255  255  255  255
  255  255  255  255  255  255  255  255  255  255  255  255  255  255  255  255  255  255  255  255  255  255  255
  255  255  255  255  255  255  255  255  255  255  255  255  255  255  255  255  255  255  255  255  255  255  255
  255  255  255  255  255  255  255  255  255  255  255  255  255  255  255  255  255  255  255  255  255  255  255
  255  255  255  255  255  255  255  255  255  255  255  255  255  255  255  255  255  255  255  255  255  255  255
  255  255  255  255  255  255  255  255  255  255  255  255  255  255  255  255  255  255  255  255  255  255  255
  255  255  255  255  255  255  255  255  255  255  255  255  255  255  255  255  255  255  255  255  255  255  255
  255  255  255  255  255  255  255  255  255  255  255  255  255  255  255  255  255  255  255  255  255  255  255
  255  255  255  255  255  255  255  255  255  255  255  255  255  255  255  255  255  255  255  255  255  255  255
  255  255  255  255  255  255  255  255  255  255  255  255  255  255  255  255  255  255  255  255  255  255  255
  255  255  255  255  255  255  255  255  255  255  255  255  255  255  255  255  255  255  255  255  255  255  255
  255  255  255  255  255  255  255  255  255  255  255  255  255  255  255  255  255  255  255  255  255  255  255
  255  255  255  255  255  255  255  255  255  255  255  255  255  255  255  255  255  255  255  255  255  255  255
  255  255  255  255  255  255  255  255  255  255  255  255  255  255  255  255  255  255  255  255  255  255  255
  255  255  255  255  255  255  255  255  255  255  255  255  255  255  255  255  255  255  255  255  255  255  255
  255  255  255  255  255  255  255  255  255  255  255  255  255  255  255  255  255  255  255  255  255  255  255
  255  255  255  255  255  255  255  255  255  255  255  255  255  255  255  255  255  255  255  255  255  255  255
  255  255  255  255  255  255  255  255  255  255  255  255  255  255  255  255  255  255  255  255  255  255  255
  255  255  255  255  255  255  255  255  255  255  255  255  255  255  255  255  255  255  255  255  255  255  255
  255  255  255  255  255  255  255  255  255  255  255  255  255  255  255  255  255  255  255  255  255  255  255
  255  255  255  255  255  255  255  255  255  255  255  255  255  255  255  255  255  255  255  255  255  255  255
  255  255  255  255  255  255  255  255  255  255  255  255  255  255  255  255  255  255  255  255  255  255  255
  255  255  255  255  255  255  255  255  255  255  255  255  255  255  255  255  255  255  255  255  255  255  255
  255  255  255  255  255  255  255  255  255  255  255  255  255  255  255  255  255  255  255  255  255  255  255
  255  255  255  255  255  255  255  255  255  255  255  255  255  255  255  255  255  255  255  255  255  255  255
  255  255  255  255  255  255  255  255  255  255  255  255  255  255  255  255  255  255  255  255  255  255  255
  255  255  255  255  255  255  255  255  255  255  255  255  255  255  255  255  255  255  255  255  255  255  255
  255  255  255  255  255  255  255  255  255  255  255  255  255  255  255  255  255  255  255  255  255  255  255
  255  255  255  255  255  255  255  255  255  255  255  255  255  255  255  255  255  255  255  255  255  255  255
  255  255  255  255  255  255  255  255  255  255  255  255  255  255  255  255  255  255  255  255  255  255  255
  255  255  255  255  255  255  255  255  255  255  255  255  255  255  255  255  255  255  255  255  255  255  255
  255  255  255  255  255  255  255  255  255  255  255  255  255  255  255  255  255  255  255  255  255  255  255
  255  255  255  255  255  255  255  255  255  255  255  255  255  255  255  255  255  255  255  255  255  255  255
  255  255  255  255  255  255  255  255  255  255  255  255  255  255  255  255  255  255  255  255  255  255  255
  255  255  255  255  255  255  255  255  255  255  255  255  255  255  255  255  255  255  255  255  255  255  255
  255  255  255  255  255  255  255  255  255  255  255  255  255  255  255  255  255  255  255  255  255  255  255
  255  255  255  255  255  255  255  255  255  255  255  255  255  255  255  255  255  255  255  255  255  255  255
  255  255  255  255  255  255  255  255  255  255  255  255  255  255  255  255  255  255  255  255  255  255  255
  255  255  255  255  255  255  255  255  255  255  255  255  255  255  255  255  255  255  255  255  255  255  255
  255  255  255  255  255  255  255  255  255  255  255  255  255  255  255  255  255  255  255  255  255  255  255

  Columns 70 through 92

  255  255  255  255  255  255  255  255  255  255  255  255  255  255  255  255  255  255  255  255  255  255  255
  255  255  255  255  255  255  255  255  255  255  255  255  255  255  255  255  255  255  255  255  255  255  255
  255  255  255  255  255  255  255  255  255  255  255  255  255  255  255  255  255  255  255  255  255  255  255
  255  255  255  255  255  255  255  255  255  255  255  255  255  255  255  255  255  255  255  255  255  255  255
  255  255  255  255  255  255  255  255  255  255  255  255  255  255  255  255  255  255  255  255  255  255  255
  255  255  255  255  255  255  255  255  255  255  255  255  255  255  255  255  255  255  255  255  255  255  255
  255  255  255  255  255  255  255  255  255  255  255  255  255  255  255  255  255  255  255  255  255  255  255
  174  172  176  166  168  166  168  166  168  166  166  164  164  160  156  154  154  158  162  180  176  170  184
  255  255  255  255  255  255  255  255  255  255  255  255  255  255  255  255  255  255  255  255  248  146  178
  255  255  255  255  255  255  255  255  255  255  255  255  255  255  255  255  255  255  255  255  255  255  186
  255  255  255  255  255  255  255  255  255  255  255  255  255  255  255  255  255  255  255  255  255  255  208
  255  255  255  255  255  255  255  255  255  255  255  255  255  255  255  255  255  255  255  255  255  255  220
  255  255  255  255  255  255  255  255  255  255  255  255  255  255  255  255  255  255  255  255  255  255  218
  255  255  255  255  255  255  255  255  255  255  255  255  255  255  255  255  255  255  255  255  255  255  242
  255  255  255  255  255  255  255  255  255  255  255  255  255  255  255  255  255  255  255  255  255  255  255
  255  255  255  255  255  255  255  255  255  255  255  255  255  255  255  255  255  255  255  255  255  255  255
  255  255  255  255  255  255  255  255  255  255  255  255  255  255  255  255  255  255  255  255  255  255  255
  255  255  255  255  255  255  255  255  255  255  255  255  255  255  255  255  255  255  255  255  255  255  255
  255  255  255  255  255  255  255  255  255  255  255  255  255  255  255  255  255  255  255  255  255  255  255
  255  255  255  255  255  255  255  255  255  255  255  255  255  255  255  255  255  255  255  255  255  255  255
  255  255  255  255  255  255  255  255  255  255  255  255  255  255  255  255  255  255  255  255  255  255  255
  255  255  255  255  255  255  255  255  255  255  255  255  255  255  255  255  255  255  255  255  255  255  255
  255  255  255  255  255  255  255  255  255  255  255  255  255  255  255  255  255  255  255  255  255  255  255
  255  255  255  255  255  255  255  255  255  255  255  255  255  255  255  255  255  255  255  255  255  255  255
  255  255  255  255  255  255  255  255  255  255  255  255  255  255  255  255  255  255  255  255  255  255  255
  255  255  255  255  255  255  255  255  255  255  255  255  255  255  255  255  255  255  255  255  255  255  255
  255  255  255  255  255  255  255  255  255  255  255  255  255  255  255  255  255  255  255  255  255  255  255
  255  255  255  255  255  255  255  255  255  255  255  255  255  255  255  255  255  255  255  255  255  255  255
  255  255  255  255  255  255  255  255  255  255  255  255  255  255  255  255  255  255  255  255  255  255  255
  255  255  255  255  255  255  255  255  255  255  255  255  255  255  255  255  255  255  255  255  255  255  255
  255  255  255  255  255  255  255  255  255  255  255  255  255  255  255  255  255  255  255  255  255  255  255
  255  255  255  255  255  255  255  255  255  255  255  255  255  255  255  255  255  255  255  255  255  255  255
  255  255  255  255  255  255  255  255  255  255  255  255  255  255  255  255  255  255  255  255  255  255  255
  255  255  255  255  255  255  255  255  255  255  255  255  255  255  255  255  255  255  255  255  255  255  255
  255  255  255  255  255  255  255  255  255  255  255  255  255  255  255  255  255  255  255  255  255  255  255
  255  255  255  255  255  255  255  255  255  255  255  255  255  255  255  255  255  255  255  255  255  255  255
  255  255  255  255  255  255  255  255  255  255  255  255  255  255  255  255  255  255  255  255  255  255  255
  255  255  255  255  255  255  255  255  255  255  255  255  255  255  255  255  255  255  255  255  255  255  255
  255  255  255  255  255  255  255  255  255  255  255  255  255  255  255  255  255  255  255  255  255  255  255
  255  255  255  255  255  255  255  255  255  255  255  255  255  255  255  255  255  255  255  255  255  255  255
  255  255  255  255  255  255  255  255  255  255  255  255  255  255  255  255  255  255  255  255  255  255  255
  255  255  255  255  255  255  255  255  255  255  255  255  255  255  255  255  255  255  255  255  255  255  255
  255  255  255  255  255  255  255  255  255  255  255  255  255  255  255  255  255  255  255  255  255  255  255
  255  255  255  255  255  255  255  255  255  255  255  255  255  255  255  255  255  255  255  255  255  255  255
  255  255  255  255  255  255  255  255  255  255  255  255  255  255  255  255  255  255  255  255  255  255  255
  255  255  255  255  255  255  255  255  255  255  255  255  255  255  255  255  255  255  255  255  255  255  255
  255  255  255  255  255  255  255  255  255  255  255  255  255  255  255  255  255  255  255  255  255  255  255
  255  255  255  255  255  255  255  255  255  255  255  255  255  255  255  255  255  255  255  255  255  255  255
  255  255  255  255  255  255  255  255  255  255  255  255  255  255  255  255  255  255  255  255  255  255  255
  255  255  255  255  255  255  255  255  255  255  255  255  255  255  255  255  255  255  255  255  255  255  255

  Columns 93 through 100

  255  255  255  255  255  255  255  255
  255  255  255  255  255  255  255  255
  255  255  255  255  255  255  255  255
  255  255  255  255  255  255  255  255
  255  255  255  255  255  255  255  255
  255  255  255  255  255  255  255  255
  255  255  255  255  255  255  255  255
  240  255  255  255  255  255  255  255
  234  255  255  255  255  255  255  255
  206  255  255  255  255  255  255  255
  210  255  255  255  255  255  255  255
  228  255  255  255  255  255  255  255
  226  255  255  255  255  255  255  255
  244  255  255  255  255  255  255  255
  255  255  255  255  255  255  255  255
  252  255  255  255  255  255  255  255
  255  255  255  255  255  255  255  255
  255  255  255  255  255  255  255  255
  255  255  255  255  255  255  255  255
  255  255  255  255  255  255  255  255
  255  255  255  255  255  255  255  255
  255  255  255  255  255  255  255  255
  255  255  255  255  255  255  255  255
  255  255  255  255  255  255  255  255
  255  255  255  255  255  255  255  255
  255  255  255  255  255  255  255  255
  255  255  255  255  255  255  255  255
  255  255  255  255  255  255  255  255
  255  255  255  255  255  255  255  255
  255  255  255  255  255  255  255  255
  255  255  255  255  255  255  255  255
  255  255  255  255  255  255  255  255
  255  255  255  255  255  255  255  255
  255  255  255  255  255  255  255  255
  255  255  255  255  255  255  255  255
  255  255  255  255  255  255  255  255
  255  255  255  255  255  255  255  255
  255  255  255  255  255  255  255  255
  255  255  255  255  255  255  255  255
  255  255  255  255  255  255  255  255
  255  255  255  255  255  255  255  255
  255  255  255  255  255  255  255  255
  255  255  255  255  255  255  255  255
  255  255  255  255  255  255  255  255
  255  255  255  255  255  255  255  255
  255  255  255  255  255  255  255  255
  255  255  255  255  255  255  255  255
  255  255  255  255  255  255  255  255
  255  255  255  255  255  255  255  255
  255  255  255  255  255  255  255  255


rectdi(:,:,3) =

  Columns 1 through 23

  255  255  255  255  255  255  255  255  255  255  255  255  255  255  255  255  255  255  255  255  255  255  255
  255  255  255  255  255  255  255  255  255  255  255  255  255  255  255  255  255  255  255  255  255  255  255
  255  255  255  255  255  255  255  255  255  255  255  255  255  255  255  255  255  255  255  255  255  255  255
  255  255  255  255  255  255  255  255  255  255  255  255  255  255  255  255  255  255  255  255  255  255  255
  255  255  255  255  255  255  255  255  255  255  255  255  255  255  255  255  255  255  255  255  255  255  255
  255  255  255  255  255  255  244  244  226  226  226  226  226  230  230  234  244  248  248  248  248  248  248
  255  255  255  255  255  255  206  186  204  200  200  200  200  204  204  204  204  200  200  200  200  200  200
  255  255  255  255  255  250  172  130   90   86   82   82   86   90   90   86   82   76   80   76   80   76   80
  255  255  255  255  255  228  206  100   82  108  128  210  255  255  255  255  255  255  255  255  255  255  255
  255  255  255  255  255  228  204  100  126  255  255  255  255  255  255  255  255  255  255  255  255  255  255
  255  255  255  255  255  228  206  102  204  255  255  255  255  255  255  255  255  255  255  255  255  255  255
  255  255  255  255  255  226  208  110  255  255  255  255  255  255  255  255  255  255  255  255  255  255  255
  255  255  255  255  255  226  210  124  255  255  255  255  255  255  255  255  255  255  255  255  255  255  255
  255  255  255  255  255  230  216  136  255  255  255  255  255  255  255  255  255  255  255  255  255  255  255
  255  255  255  255  255  230  218  142  255  255  255  255  255  255  255  255  255  255  255  255  255  255  255
  255  255  255  255  255  234  216  138  255  255  255  255  255  255  255  255  255  255  255  255  255  255  255
  255  255  255  255  255  248  200  148  255  255  255  255  255  255  255  255  255  255  255  255  255  255  255
  255  255  255  255  255  252  198  144  255  255  255  255  255  255  255  255  255  255  255  255  255  255  255
  255  255  255  255  255  252  200  150  255  255  255  255  255  255  255  255  255  255  255  255  255  255  255
  255  255  255  255  255  252  202  154  248  255  255  255  255  255  255  255  255  255  255  255  255  255  255
  255  255  255  255  255  248  202  160  226  255  255  255  255  255  255  255  255  255  255  255  255  255  255
  255  255  255  255  255  248  204  166  200  250  255  255  255  255  255  255  255  255  255  255  255  255  255
  255  255  255  255  255  244  202  172  166  226  255  255  255  255  255  255  255  255  255  255  255  255  255
  255  255  255  255  255  244  200  172  146  206  255  255  255  255  255  255  255  255  255  255  255  255  255
  255  255  255  255  255  238  192  188  160  174  212  248  255  255  240  236  255  255  255  255  255  255  255
  255  255  255  255  255  238  192  186  152  160  192  224  244  250  240  240  244  252  255  252  255  254  255
  255  255  255  255  255  238  192  188  160  156  174  194  214  224  220  228  236  242  246  242  246  242  246
  255  255  255  255  255  234  190  192  176  166  174  182  192  196  196  204  234  242  240  238  236  234  232
  255  255  255  255  255  232  194  202  182  170  176  180  184  182  174  178  212  218  220  220  220  220  222
  255  255  255  255  255  228  192  206  182  172  180  186  188  182  174  172  188  194  196  202  206  210  214
  255  255  255  255  255  228  194  210  184  178  186  196  196  188  176  172  178  186  190  192  196  200  202
  255  255  255  255  255  224  198  220  198  188  190  194  196  190  178  176  190  194  192  192  190  190  190
  255  255  255  255  255  224  204  244  216  202  196  196  198  198  202  202  206  206  206  206  206  206  206
  255  255  255  255  255  222  210  254  230  208  198  194  198  202  208  212  208  208  208  208  208  208  208
  255  255  255  255  255  220  212  255  234  212  202  194  198  206  212  212  210  210  210  210  210  210  210
  255  255  255  255  255  220  214  255  242  220  206  200  202  206  214  218  214  210  210  210  210  210  210
  255  255  255  255  255  218  214  255  246  226  210  204  208  210  218  218  214  214  214  214  214  214  214
  255  255  255  255  255  222  216  255  255  236  222  212  216  216  222  226  222  218  218  218  218  218  218
  255  255  255  255  255  224  222  255  255  248  234  224  226  226  234  234  230  230  230  230  230  230  230
  255  255  255  255  255  230  234  255  255  255  250  242  242  246  252  252  250  246  246  246  246  246  246
  255  255  255  255  255  226  244  255  255  255  255  255  255  255  255  255  255  255  255  255  255  255  255
  255  255  255  255  255  224  250  255  255  255  255  255  255  255  255  255  255  255  255  255  255  255  255
  255  255  255  255  255  255  255  255  255  255  255  255  255  255  255  255  255  255  255  255  255  255  255
  255  255  255  255  255  248  230  252  236  226  218  220  224  234  238  240  240  236  238  240  242  244  246
  255  255  255  255  255  255  255  255  255  255  255  255  255  255  255  255  255  255  255  255  255  255  255
  255  255  255  255  255  255  255  255  255  255  255  255  255  255  255  255  255  255  255  255  255  255  255
  255  255  255  255  255  255  255  255  255  255  255  255  255  255  255  255  255  255  255  255  255  255  255
  255  255  255  255  255  255  255  255  255  255  255  255  255  255  255  255  255  255  255  255  255  255  255
  255  255  255  255  255  255  255  255  255  255  255  255  255  255  255  255  255  255  255  255  255  255  255
  255  255  255  255  255  255  255  255  255  255  255  255  255  255  255  255  255  255  255  255  255  255  255

  Columns 24 through 46

  255  255  255  255  255  255  255  255  255  255  255  255  255  255  255  255  255  255  255  255  255  255  255
  255  255  255  255  255  255  255  255  255  255  255  255  255  255  255  255  255  255  255  255  255  255  255
  255  255  255  255  255  255  255  255  255  255  255  255  255  255  255  255  255  255  255  255  255  255  255
  255  255  255  255  255  255  255  255  255  255  255  255  255  255  255  255  255  255  255  255  255  255  255
  255  255  255  255  255  255  255  255  255  255  255  255  255  255  255  255  255  255  255  255  255  255  255
  248  248  248  248  248  248  248  248  248  248  248  248  248  248  248  248  248  255  255  255  255  255  255
  200  200  200  200  200  200  200  200  200  200  200  200  200  200  200  200  200  214  214  214  214  214  214
   76   80   76   80   76   80   76   80   76   80   76   80   76   80   76   80   76   80   76   80   76   80   76
  255  255  254  255  254  255  254  255  254  255  254  255  254  255  254  255  254  255  254  255  254  255  254
  255  255  255  255  255  255  255  255  255  255  255  255  255  255  255  255  255  255  255  255  255  255  255
  255  255  255  255  255  255  255  255  255  255  255  255  255  255  255  255  255  255  255  255  255  255  255
  255  255  255  255  255  255  255  255  255  255  255  255  255  255  255  255  255  255  255  255  255  255  255
  255  255  255  255  255  255  255  255  255  255  255  255  255  255  255  255  255  255  255  255  255  255  255
  255  255  255  255  255  255  255  255  255  255  255  255  255  255  255  255  255  255  255  255  255  255  255
  255  255  255  255  255  255  255  255  255  255  255  255  255  255  255  255  255  255  255  255  255  255  255
  255  255  255  255  255  255  255  255  255  255  255  255  255  255  255  255  255  255  255  255  255  255  255
  255  255  255  255  255  255  255  255  255  255  255  255  255  255  255  255  255  255  255  255  255  255  255
  255  255  255  255  255  255  255  255  255  255  255  255  255  255  255  255  255  255  255  255  255  255  255
  255  255  255  255  255  255  255  255  255  255  255  255  255  255  255  255  255  255  255  255  255  255  255
  255  255  255  255  255  255  255  255  255  255  255  255  255  255  255  255  255  255  255  255  255  255  255
  255  255  255  255  255  255  255  255  255  255  255  255  255  255  255  255  255  255  255  255  255  255  255
  255  255  255  255  255  255  255  255  255  255  255  255  255  255  255  255  255  255  255  255  255  255  255
  255  255  255  255  255  255  255  255  255  255  255  255  255  255  255  255  255  255  255  255  255  255  255
  255  255  255  255  255  255  255  255  255  255  255  255  255  255  255  255  255  255  255  255  255  255  255
  255  255  255  255  255  255  255  255  255  255  255  255  255  255  255  255  255  255  255  255  255  255  255
  255  255  255  255  255  255  255  255  255  254  254  254  254  254  254  254  254  254  254  254  254  254  254
  242  246  242  246  242  246  242  246  242  242  242  242  242  242  242  242  242  242  242  242  242  242  242
  232  230  230  230  230  230  230  230  230  230  230  230  230  230  230  230  230  230  230  230  230  230  230
  222  218  218  218  218  218  218  218  222  222  226  226  226  226  226  226  226  226  226  226  226  226  226
  216  214  214  214  214  214  214  214  216  220  220  224  220  224  220  224  220  224  220  224  220  224  220
  204  206  206  206  206  206  206  206  206  212  212  216  212  216  212  216  212  216  212  216  212  216  212
  188  194  194  194  194  194  194  194  198  202  202  204  202  204  202  204  202  204  202  204  202  204  202
  206  206  206  206  206  206  206  206  206  206  206  210  206  210  206  210  206  212  208  212  208  212  208
  208  208  208  208  208  208  208  208  208  208  208  208  208  208  208  208  208  208  208  208  208  208  208
  210  210  210  210  210  210  210  210  210  210  210  210  210  210  210  210  210  210  210  210  210  210  210
  210  210  210  210  210  210  210  210  210  210  210  210  210  210  210  210  210  208  208  208  208  208  208
  214  214  214  214  214  214  214  214  214  214  214  214  214  214  214  214  214  212  212  212  212  212  212
  218  218  218  218  218  218  218  218  218  218  218  218  218  218  218  218  218  216  216  216  216  216  216
  230  230  230  230  230  230  230  230  230  230  230  230  230  230  230  230  230  232  232  232  232  232  232
  246  246  246  246  246  246  246  246  246  246  246  246  246  246  246  246  246  248  248  248  248  248  248
  255  255  255  255  255  255  255  255  255  255  255  255  255  255  255  255  255  255  255  255  255  255  255
  255  255  255  255  255  255  255  255  255  255  255  255  255  255  255  255  255  255  255  255  255  255  255
  255  255  255  255  255  255  255  255  255  255  255  255  255  255  255  255  255  255  255  255  255  255  255
  246  250  252  252  254  255  255  255  255  255  255  255  255  255  255  255  255  255  255  255  255  255  255
  255  255  255  255  255  255  255  255  255  255  255  255  255  255  255  255  255  255  255  255  255  255  255
  255  255  255  255  255  255  255  255  255  255  255  255  255  255  255  255  255  255  255  255  255  255  255
  255  255  255  255  255  255  255  255  255  255  255  255  255  255  255  255  255  255  255  255  255  255  255
  255  255  255  255  255  255  255  255  255  255  255  255  255  255  255  255  255  255  255  255  255  255  255
  255  255  255  255  255  255  255  255  255  255  255  255  255  255  255  255  255  255  255  255  255  255  255
  255  255  255  255  255  255  255  255  255  255  255  255  255  255  255  255  255  255  255  255  255  255  255

  Columns 47 through 69

  255  255  255  255  255  255  255  255  255  255  255  255  255  255  255  255  255  255  255  255  255  255  255
  255  255  255  255  255  255  255  255  255  255  255  255  255  255  255  255  255  255  255  255  255  255  255
  255  255  255  255  255  255  255  255  255  255  255  255  255  255  255  255  255  255  255  255  255  255  255
  255  255  255  255  255  255  255  255  255  255  255  255  255  255  255  255  255  255  255  255  255  255  255
  255  255  255  255  255  255  255  255  255  255  255  255  255  255  255  255  255  255  255  255  255  255  255
  255  255  255  255  255  255  255  255  255  255  255  255  255  255  255  255  255  255  255  255  255  255  255
  214  214  220  220  220  220  220  220  220  220  226  226  226  226  226  226  226  226  230  230  232  232  234
   80   76   78   74   78   74   78   74   78   74   80   76   80   76   80   76   80   76   72   68   74   72   78
  255  254  255  254  255  254  255  254  255  254  254  250  254  250  254  250  254  250  255  254  255  254  255
  255  255  255  255  255  255  255  255  255  255  255  255  255  255  255  255  255  255  255  255  255  255  255
  255  255  255  255  255  255  255  255  255  255  255  255  255  255  255  255  255  255  255  255  255  255  255
  255  255  255  255  255  255  255  255  255  255  255  255  255  255  255  255  255  255  255  255  255  255  255
  255  255  255  255  255  255  255  255  255  255  255  255  255  255  255  255  255  255  255  255  255  255  255
  255  255  255  255  255  255  255  255  255  255  255  255  255  255  255  255  255  255  255  255  255  255  255
  255  255  255  255  255  255  255  255  255  255  255  255  255  255  255  255  255  255  255  255  255  255  255
  255  255  255  255  255  255  255  255  255  255  255  255  255  255  255  255  255  255  255  255  255  255  255
  255  255  255  255  255  255  255  255  255  255  255  255  255  255  255  255  255  255  255  255  255  255  255
  255  255  255  255  255  255  255  255  255  255  255  255  255  255  255  255  255  255  255  255  255  255  255
  255  255  255  255  255  255  255  255  255  255  255  255  255  255  255  255  255  255  255  255  255  255  255
  255  255  255  255  255  255  255  255  255  255  255  255  255  255  255  255  255  255  255  255  255  255  255
  255  255  255  255  255  255  255  255  255  255  255  255  255  255  255  255  255  255  255  255  255  255  255
  255  255  255  255  255  255  255  255  255  255  255  255  255  255  255  255  255  255  255  255  255  255  255
  255  255  255  255  255  255  255  255  255  255  255  255  255  255  255  255  255  255  255  255  255  255  255
  255  255  255  255  255  255  255  255  255  255  255  255  255  255  255  255  255  255  255  255  255  255  255
  255  255  255  255  255  255  255  255  255  255  255  255  255  255  255  255  255  255  255  255  255  255  255
  254  254  254  254  254  254  254  254  254  254  254  254  254  254  254  254  254  254  255  255  255  255  255
  242  242  240  240  240  240  240  240  240  240  238  238  238  238  238  238  238  242  246  246  246  246  246
  230  230  232  228  228  228  228  228  228  228  232  232  232  232  232  232  232  236  230  232  232  232  232
  226  222  224  224  224  224  224  224  224  224  226  226  226  226  226  226  226  226  222  222  222  222  222
  224  220  220  216  220  216  220  216  220  216  218  214  218  214  218  214  218  214  214  214  214  214  214
  216  212  210  208  210  208  210  208  210  208  206  204  206  204  206  204  206  204  204  204  204  204  204
  204  202  200  200  200  200  200  200  200  200  200  200  200  200  200  200  200  200  192  192  192  192  192
  212  208  208  208  208  208  208  208  208  208  204  204  204  204  204  204  204  204  204  204  204  204  204
  208  208  208  208  208  208  208  208  208  208  206  206  206  206  206  206  206  206  206  206  206  206  206
  210  210  210  210  210  210  210  210  210  210  208  208  208  208  208  208  208  208  208  208  208  208  208
  208  208  208  208  208  208  208  208  208  208  208  208  208  208  208  208  208  208  208  208  208  208  208
  212  212  212  212  212  212  212  212  212  212  212  212  212  212  212  212  212  212  212  212  212  212  212
  216  216  216  216  216  216  216  216  216  216  216  216  216  216  216  216  216  216  216  216  216  216  216
  232  232  232  232  232  232  232  232  232  232  228  228  228  228  228  228  228  228  228  228  228  228  228
  248  248  248  248  248  248  248  248  248  248  244  244  244  244  244  244  244  244  244  244  244  244  244
  255  255  255  255  255  255  255  255  255  255  255  255  255  255  255  255  255  255  255  255  255  255  255
  255  255  255  255  255  255  255  255  255  255  255  255  255  255  255  255  255  255  255  255  255  255  255
  255  255  255  255  255  255  255  255  255  255  255  255  255  255  255  255  255  255  255  255  255  255  255
  255  255  255  255  255  255  255  255  255  255  255  255  255  255  255  255  255  255  255  255  255  255  255
  255  255  255  255  255  255  255  255  255  255  255  255  255  255  255  255  255  255  255  255  255  255  255
  255  255  255  255  255  255  255  255  255  255  255  255  255  255  255  255  255  255  255  255  255  255  255
  255  255  255  255  255  255  255  255  255  255  255  255  255  255  255  255  255  255  255  255  255  255  255
  255  255  255  255  255  255  255  255  255  255  255  255  255  255  255  255  255  255  255  255  255  255  255
  255  255  255  255  255  255  255  255  255  255  255  255  255  255  255  255  255  255  255  255  255  255  255
  255  255  255  255  255  255  255  255  255  255  255  255  255  255  255  255  255  255  255  255  255  255  255

  Columns 70 through 92

  255  255  255  255  255  255  255  255  255  255  255  255  255  255  255  255  255  255  255  255  255  255  255
  255  255  255  255  255  255  255  255  255  255  255  255  255  255  255  255  255  255  255  255  255  255  255
  255  255  255  255  255  255  255  255  255  255  255  255  255  255  255  255  255  255  255  255  255  255  255
  255  255  255  255  255  255  255  255  255  255  255  255  255  255  255  255  255  255  255  255  255  255  255
  255  255  255  255  255  255  255  255  255  255  255  255  255  255  255  255  255  255  255  255  255  255  255
  255  255  255  255  255  255  255  255  255  255  255  255  255  255  255  255  255  255  255  255  255  255  255
  236  238  238  240  240  240  240  240  240  240  240  252  254  255  255  255  255  255  255  242  236  226  222
   76   80   78   74   70   74   70   74   70   74   76   84   92   98  102  106  106   98   92   98   82   76   96
  254  255  254  255  255  255  255  255  255  255  255  255  255  255  255  255  255  255  255  208  150   48   84
  255  255  255  255  255  255  255  255  255  255  255  255  255  255  255  255  255  255  255  255  255  180   92
  255  255  255  255  255  255  255  255  255  255  255  255  255  255  255  255  255  255  255  255  255  255  118
  255  255  255  255  255  255  255  255  255  255  255  255  255  255  255  255  255  255  255  255  255  255  136
  255  255  255  255  255  255  255  255  255  255  255  255  255  255  255  255  255  255  255  255  255  255  140
  255  255  255  255  255  255  255  255  255  255  255  255  255  255  255  255  255  255  255  255  255  255  160
  255  255  255  255  255  255  255  255  255  255  255  255  255  255  255  255  255  255  255  255  255  255  176
  255  255  255  255  255  255  255  255  255  255  255  255  255  255  255  255  255  255  255  255  255  255  162
  255  255  255  255  255  255  255  255  255  255  255  255  255  255  255  255  255  255  255  255  255  255  158
  255  255  255  255  255  255  255  255  255  255  255  255  255  255  255  255  255  255  255  255  255  255  162
  255  255  255  255  255  255  255  255  255  255  255  255  255  255  255  255  255  255  255  255  255  255  166
  255  255  255  255  255  255  255  255  255  255  255  255  255  255  255  255  255  255  255  255  255  255  176
  255  255  255  255  255  255  255  255  255  255  255  255  255  255  255  255  255  255  255  255  255  255  180
  255  255  255  255  255  255  255  255  255  255  255  255  255  255  255  255  255  255  255  255  255  230  178
  255  255  255  255  255  255  255  255  255  255  255  255  255  255  255  255  255  255  255  255  255  194  170
  255  255  255  255  255  255  255  255  255  255  255  255  255  255  255  255  255  255  255  242  236  170  164
  255  255  255  255  255  255  255  255  255  255  255  255  250  255  255  255  255  255  248  232  178  166  170
  255  255  255  255  255  255  255  255  255  255  252  236  236  250  255  255  252  242  230  190  152  156  168
  246  246  246  244  244  244  244  244  244  244  240  224  224  240  248  248  236  218  200  162  138  158  178
  232  232  232  236  236  236  236  236  236  236  230  216  218  232  232  226  210  186  172  160  148  174  192
  222  222  222  224  224  224  224  224  224  224  220  208  206  212  208  204  192  174  162  168  156  184  194
  214  214  214  212  212  212  212  212  212  212  210  194  192  194  194  196  190  180  172  166  152  182  194
  204  204  204  202  202  202  202  202  202  202  198  186  184  188  192  192  192  186  178  168  156  186  204
  192  192  192  194  194  194  194  194  194  194  190  190  188  196  198  200  196  188  182  184  176  206  218
  204  204  204  204  204  204  204  204  204  204  204  200  200  204  208  210  208  204  200  198  206  208  234
  206  206  206  206  206  206  206  206  206  206  206  206  206  210  210  210  210  206  206  204  216  220  242
  208  208  208  208  208  208  208  208  208  208  208  208  210  210  210  210  208  204  204  202  218  222  250
  208  208  208  208  208  208  208  208  208  208  208  212  212  212  212  208  204  200  200  198  218  228  250
  212  212  212  212  212  212  212  212  212  212  212  216  216  212  208  206  202  194  194  194  218  232  254
  216  216  216  216  216  216  216  216  216  216  216  220  220  220  214  210  202  200  196  196  220  240  255
  228  228  228  228  228  228  228  228  228  228  228  232  228  228  224  218  210  204  204  204  230  250  255
  244  244  244  244  244  244  244  244  244  244  244  248  248  244  240  232  226  218  218  216  244  255  255
  255  255  255  255  255  255  255  255  255  255  255  255  255  255  255  255  252  244  244  240  252  255  255
  255  255  255  255  255  255  255  255  255  255  255  255  255  255  255  255  255  255  255  255  255  255  255
  255  255  255  255  255  255  255  255  255  255  255  255  255  255  255  255  255  255  255  255  255  255  255
  255  255  255  255  255  255  255  255  255  255  255  255  255  255  255  255  255  255  255  255  255  255  255
  255  255  255  255  255  255  255  255  255  255  255  255  255  255  255  255  255  255  255  255  255  255  255
  255  255  255  255  255  255  255  255  255  255  255  255  255  255  255  255  255  255  255  255  255  255  255
  255  255  255  255  255  255  255  255  255  255  255  255  255  255  255  255  255  255  255  255  255  255  255
  255  255  255  255  255  255  255  255  255  255  255  255  255  255  255  255  255  255  255  255  255  255  255
  255  255  255  255  255  255  255  255  255  255  255  255  255  255  255  255  255  255  255  255  255  255  255
  255  255  255  255  255  255  255  255  255  255  255  255  255  255  255  255  255  255  255  255  255  255  255

  Columns 93 through 100

  255  255  255  255  255  255  255  255
  255  255  255  255  255  255  255  255
  255  255  255  255  255  255  255  255
  255  255  255  255  255  255  255  255
  255  255  255  255  255  255  255  255
  255  255  255  255  255  255  255  255
  248  255  255  255  255  255  255  255
  168  255  255  255  255  255  255  255
  156  255  255  255  255  255  255  255
  128  255  255  255  255  255  255  255
  136  255  255  255  255  255  255  255
  158  255  255  255  255  255  255  255
  162  255  255  255  255  255  255  255
  176  255  255  255  255  255  255  255
  194  255  255  255  255  255  255  255
  174  255  255  255  255  255  255  255
  192  255  255  255  255  255  255  255
  192  255  255  255  255  255  255  255
  194  255  255  255  255  255  255  255
  198  255  255  255  255  255  255  255
  202  255  255  255  255  255  255  255
  202  255  255  255  255  255  255  255
  204  255  255  255  255  255  255  255
  204  255  255  255  255  255  255  255
  232  255  255  255  255  255  255  255
  232  255  255  255  255  255  255  255
  238  255  255  255  255  255  255  255
  240  255  255  255  255  255  255  255
  240  255  255  255  255  255  255  255
  238  255  255  255  255  255  255  255
  248  255  255  255  255  255  255  255
  255  255  255  255  255  255  255  255
  255  255  255  255  255  255  255  255
  255  255  255  255  255  255  255  255
  255  255  255  255  255  255  255  255
  255  255  255  255  255  255  255  255
  255  255  255  255  255  255  255  255
  255  255  255  255  255  255  255  255
  255  255  255  255  255  255  255  255
  255  255  255  255  255  255  255  255
  255  255  255  255  255  255  255  255
  255  255  255  255  255  255  255  255
  255  255  255  255  255  255  255  255
  255  255  255  255  255  255  255  255
  255  255  255  255  255  255  255  255
  255  255  255  255  255  255  255  255
  255  255  255  255  255  255  255  255
  255  255  255  255  255  255  255  255
  255  255  255  255  255  255  255  255
  255  255  255  255  255  255  255  255

