
rectdi(:,:,1) =

  Columns 1 through 23

   81   79   79   81   83   81   79   80   79   79   78   78   76   76   75   78   85   88   88   88   88   88   88
   73   74   75   76   75   76   78   81   79   79   77   77   76   76   74   77   80   83   83   83   83   83   83
   80   82   84   82   81   82   84   86   81   81   80   80   79   79   79   77   77   76   76   76   76   76   76
   74   76   75   74   75   78   79   77   82   82   82   82   81   81   81   78   75   74   72   74   72   74   72
   74   73   72   73   84   94   95   89   89   89   89   89   88   88   88   87   82   81   80   81   80   81   80
   76   79   77   79   97  120  130  130  139  139  139  139  139  137  137  137  134  133  133  133  133  133  133
   65   71   70   71   89  120  149  158  149  151  151  151  151  149  149  151  152  154  154  154  154  154  154
   71   80   79   75   89  127  165  186  205  207  208  208  207  205  205  207  211  212  212  212  212  212  212
   70   67   73   75   87  138  148  200  208  195  185  144  113  119  113  109  113  116  116  116  116  116  116
   69   67   72   74   86  138  149  200  186  102   54   45   51   51   38   43   45   46   45   46   45   46   45
   67   64   70   72   85  138  148  198  147   62   26   41   52   43   30   47   37   37   35   37   35   37   35
   65   63   69   70   84  139  147  194   81   44   43   46   42   38   30   38   28   26   26   26   26   26   26
   61   62   67   67   81  139  146  188   89   61   55   46   43   52   44   37   37   34   34   34   34   34   34
   60   61   66   64   80  137  143  182   81   49   47   46   43   46   36   39   35   33   33   33   33   33   33
   57   58   65   63   79  137  142  179   78   56   65   66   58   54   47   58   53   54   54   54   54   54   54
   58   60   65   62   78  137  141  177   94   71   66   52   48   62   53   48   55   57   57   57   57   57   57
   60   60   56   63   77  132  144  164   96   79   73   74   67   63   63   61   65   67   67   67   67   67   67
   61   61   57   62   74  130  143  164   99   83   78   82   74   70   67   65   71   74   72   74   72   74   72
   60   60   56   61   75  132  143  162  103   86   80   86   80   76   74   71   77   80   79   80   79   80   79
   58   59   55   59   74  132  142  158  110   91   84   90   86   82   79   75   83   85   84   85   84   85   84
   55   58   54   56   72  132  143  154  120   99   91   96   92   87   85   80   87   90   88   90   88   90   88
   54   57   53   54   71  133  142  152  133  109   99  102   96   93   91   86   92   93   93   93   93   93   93
   52   56   52   52   71  133  142  150  148  122  107  108  102  100   98   92   98   99   99   99   99   99   99
   52   56   52   52   70  135  143  150  157  132  115  114  108  105  104   99  102  104  104  104  104  104  104
   47   49   50   51   67  137  145  140  152  147  136  123  113  110  110  113  107  107  108  108  108  108  108
   46   48   48   51   66  137  146  139  153  153  146  135  125  118  111  109  115  114  114  114  113  113  112
   43   48   47   49   65  138  146  137  149  153  154  149  139  128  118  113  117  117  117  117  117  117  117
   41   47   45   47   64  138  145  135  140  149  153  154  150  141  130  125  117  117  116  119  118  121  120
   40   46   44   44   64  140  145  131  136  145  152  154  153  147  140  136  124  124  122  123  122  123  121
   38   46   43   42   62  140  144  129  137  144  149  151  148  145  142  138  135  134  132  130  127  126  123
   37   45   42   41   61  140  144  126  135  142  146  146  145  142  140  139  138  138  134  135  131  131  128
   35   43   42   40   61  140  143  124  130  137  142  143  143  141  139  137  133  133  133  134  134  135  134
   34   34   39   42   60  139  142  117  125  132  135  136  135  132  128  128  129  131  129  131  129  131  129
   32   32   35   40   58  137  140  114  122  129  132  133  130  129  125  125  128  129  129  129  129  129  129
   30   30   33   37   56  136  138  110  119  126  131  132  129  126  124  124  125  126  126  126  126  126  126
   28   30   32   35   55  137  138  107  117  124  128  129  128  125  122  122  124  125  124  125  124  125  124
   29   31   34   35   55  138  138  103  113  120  125  127  125  124  121  120  121  123  121  123  121  123  121
   28   31   33   33   54  138  137   99  109  116  121  124  123  121  119  117  119  119  119  119  119  119  119
   26   29   31   30   51  137  134   94  103  110  116  119  119  117  115  113  113  113  113  113  113  113  113
   24   29   30   28   49  135  130   87   97  104  109  112  112  111  108  106  106  106  106  106  106  106  106
   26   33   28   32   34  137  126   75   87   94  100  104  102  101  100   98   97   98   98   98   98   98   99
   21   26   23   32   39  137  122   72   81   88   92   94   92   91   88   88   91   91   91   91   91   91   91
   29   28   18   23   32  121  108   68   72   78   82   82   80   77   73   73   76   76   75   74   74   73   73
   26   24   19   26   46  129  136  124  130  136  138  137  134  130  128  127  125  126  125  124  123  122  121
   24   23   23   22   35   92  103  108  117  119  121  120  116  113  110  107  108  107  106  105  104  103  103
   24   23   26   13   10   26   21   30   33   36   36   35   31   27   24   23   27   28   28   27   26   26   25
   16   15   23   17   18   19    9   23   24   25   27   25   22   17   14   13   18   19   19   18   18   18   18
   22   16   20   14   22   18    6   24   20   21   21   21   20   17   14   14   12   14   14   15   15   15   15
   17   17   16   16   16   16   16   17   17   17   17   17   17   16   14   14   16   16   16   16   16   16   16
   17   17   17   17   17   17   17   17   17   17   17   17   17   17   17   17   17   17   17   17   17   17   17

  Columns 24 through 46

   88   88   88   88   88   88   88   88   88   88   88   88   88   88   88   88   88   88   88   88   88   88   88
   83   83   83   83   83   83   83   83   83   83   83   83   83   83   83   83   83   85   85   85   85   85   85
   76   76   76   76   76   76   76   76   76   76   76   76   76   76   76   76   76   76   76   76   76   76   76
   74   72   74   72   74   72   74   72   74   72   74   72   74   72   74   72   74   72   74   72   74   72   74
   81   80   81   80   81   80   81   80   81   80   81   80   81   80   81   80   81   81   82   81   82   81   82
  133  133  133  133  133  133  133  133  133  133  133  133  133  133  133  133  133  129  129  129  129  129  129
  154  154  154  154  154  154  154  154  154  154  154  154  154  154  154  154  154  147  147  147  147  147  147
  212  212  212  212  212  212  212  212  212  212  212  212  212  212  212  212  212  212  212  212  212  212  212
  116  123  123  123  123  123  123  123  123  123  123  123  123  123  123  123  123  123  123  123  123  123  123
   46   42   43   42   43   42   43   42   43   42   43   42   43   42   43   42   43   42   43   42   43   42   43
   37   38   40   38   40   38   40   38   40   38   40   38   40   38   40   38   40   38   40   38   40   38   40
   26   25   25   25   25   25   25   25   25   25   25   25   25   25   25   25   25   25   25   25   25   25   25
   34   34   34   34   34   34   34   34   34   34   34   34   34   34   34   34   34   34   34   34   34   34   34
   33   38   38   38   38   38   38   38   38   38   38   38   38   38   38   38   38   38   38   38   38   38   38
   54   49   49   49   49   49   49   49   49   49   49   49   49   49   49   49   49   49   49   49   49   49   49
   57   60   60   60   60   60   60   60   60   60   60   60   60   60   60   60   60   60   60   60   60   60   60
   67   69   69   69   69   69   69   69   69   67   67   67   67   67   67   67   67   67   67   67   67   67   67
   74   72   74   72   74   72   74   72   74   72   74   72   74   72   74   72   74   72   74   72   74   72   74
   80   78   79   78   79   78   79   78   79   79   80   79   80   79   80   79   80   79   80   79   80   79   80
   85   83   84   83   84   83   84   83   84   84   85   84   85   84   85   84   85   84   85   84   85   84   85
   90   86   88   86   88   86   88   86   88   88   90   88   90   88   90   88   90   88   90   88   90   88   90
   93   93   93   93   93   93   93   93   93   93   93   93   93   93   93   93   93   93   93   93   93   93   93
   99  100  100  100  100  100  100  100  100   99   99   99   99   99   99   99   99   99   99   99   99   99   99
  104  105  105  105  105  105  105  105  105  104  104  104  104  104  104  104  104  104  104  104  104  104  104
  108  109  109  109  109  109  109  109  109  109  109  109  109  109  109  109  109  109  109  109  109  109  109
  112  112  112  112  112  112  112  112  112  112  112  112  112  112  112  112  112  112  112  112  112  112  112
  117  117  117  117  117  117  117  117  117  117  117  117  117  117  117  117  117  117  117  117  117  117  117
  122  121  123  121  123  121  123  121  123  121  123  121  123  121  123  121  123  121  123  121  123  121  123
  122  123  124  123  124  123  124  123  124  123  124  123  124  123  124  123  124  123  124  123  124  123  124
  123  123  124  123  124  123  124  123  124  123  124  123  124  123  124  123  124  123  124  123  124  123  124
  129  126  128  126  128  126  128  126  128  126  128  126  128  126  128  126  128  126  128  126  128  126  128
  136  132  133  132  133  132  133  132  133  132  133  132  133  132  133  132  133  132  133  132  133  132  133
  131  129  131  129  131  129  131  129  131  129  131  129  131  129  131  129  131  128  130  128  130  128  130
  129  129  129  129  129  129  129  129  129  129  129  129  129  129  129  129  129  129  129  129  129  129  129
  126  126  126  126  126  126  126  126  126  126  126  126  126  126  126  126  126  126  126  126  126  126  126
  125  124  125  124  125  124  125  124  125  124  125  124  125  124  125  124  125  125  126  125  126  125  126
  123  121  123  121  123  121  123  121  123  121  123  121  123  121  123  121  123  122  124  122  124  122  124
  119  119  119  119  119  119  119  119  119  119  119  119  119  119  119  119  119  120  120  120  120  120  120
  113  113  113  113  113  113  113  113  113  113  113  113  113  113  113  113  113  112  112  112  112  112  112
  106  106  106  106  106  106  106  106  106  106  106  106  106  106  106  106  106  105  105  105  105  105  105
   99   98   98   99   99   99   99   99   99   96   97   97   97   97   97   98   98   96   96   96   96   96   97
   90   87   87   87   87   87   87   87   86   88   88   88   88   88   87   87   87   88   88   88   88   88   87
   72   78   78   77   77   76   75   75   75   76   76   76   75   74   74   73   73   75   74   74   73   72   72
  121  119  118  118  117  116  115  114  114  111  111  110  109  108  107  106  106  106  105  104  103  102  101
  102  100  100   99   98   97   96   96   95   93   93   92   91   90   89   88   88   88   87   86   85   84   83
   25   31   30   30   29   29   28   27   27   30   30   29   29   28   27   27   27   28   28   27   27   26   26
   18   15   15   15   14   14   14   14   14   17   17   17   17   17   17   17   17   17   17   17   17   17   17
   15   15   15   15   15   16   16   16   16   15   15   15   16   16   16   16   16   14   14   15   15   15   15
   16   16   16   16   16   16   16   16   16   16   16   16   16   16   16   16   16   16   16   16   16   16   16
   17   17   17   17   17   17   17   17   17   17   17   17   17   17   17   17   17   17   17   17   17   17   17

  Columns 47 through 69

   88   88   87   87   87   87   87   87   87   87   88   88   88   88   88   88   88   88   84   84   84   84   84
   85   85   84   84   84   84   84   84   84   84   83   83   83   83   83   83   83   81   82   82   82   82   82
   76   76   77   77   77   77   77   77   77   77   75   75   75   75   75   75   75   75   73   73   73   73   73
   72   74   73   75   73   75   73   75   73   75   74   76   74   76   74   76   74   74   71   71   70   71   69
   81   82   80   81   80   81   80   81   80   81   80   81   80   81   80   81   80   80   80   79   77   79   76
  129  129  124  124  124  124  124  124  124  124  121  121  121  121  121  121  121  121  120  120  118  119  117
  147  147  144  144  144  144  144  144  144  144  141  141  141  141  141  141  141  141  139  139  136  138  135
  212  212  213  213  213  213  213  213  213  213  212  212  212  212  212  212  212  212  216  218  215  216  213
  123  123  123  123  123  123  123  123  123  123  125  125  125  125  125  125  125  125  123  124  123  124  123
   42   43   42   43   42   43   42   43   42   43   40   41   40   41   40   41   40   41   43   45   43   45   43
   38   40   38   40   38   40   38   40   38   40   38   40   38   40   38   40   38   40   40   41   40   41   40
   25   25   25   25   25   25   25   25   25   25   27   27   27   27   27   27   27   27   26   26   26   26   26
   34   34   34   34   34   34   34   34   34   34   32   32   32   32   32   32   32   32   35   35   35   35   35
   38   38   38   38   38   38   38   38   38   38   37   37   37   37   37   37   37   39   40   41   40   41   40
   49   49   49   49   49   49   49   49   49   49   52   52   52   52   52   52   52   52   51   52   51   52   51
   60   60   60   60   60   60   60   60   60   60   59   59   59   59   59   59   59   59   62   62   62   62   62
   67   67   67   67   67   67   67   67   67   67   67   67   67   67   67   67   67   67   68   68   68   68   68
   72   74   72   74   72   74   72   74   72   74   72   74   72   74   72   74   72   74   72   74   72   74   72
   79   80   79   80   79   80   79   80   79   80   79   80   79   80   79   80   79   80   79   80   79   80   79
   84   85   84   85   84   85   84   85   84   85   84   85   84   85   84   85   84   85   85   86   85   86   85
   88   90   88   90   88   90   88   90   88   90   88   90   88   90   88   90   88   90   89   91   89   91   89
   93   93   93   93   93   93   93   93   93   93   93   93   93   93   93   93   93   93   95   95   95   95   95
   99   99   99   99   99   99   99   99   99   99   99   99   99   99   99   99   99   99  101  101  101  101  101
  104  104  104  104  104  104  104  104  104  104  104  104  104  104  104  104  104  104  106  106  106  106  106
  109  109  110  110  110  110  110  110  110  110  108  108  108  108  108  108  108  108  110  110  110  110  110
  112  112  112  112  112  112  112  112  112  112  112  112  112  112  112  112  112  112  112  112  112  112  112
  117  117  116  116  116  116  116  116  116  116  117  117  117  117  117  117  117  117  117  117  117  117  117
  121  123  120  122  120  122  120  122  120  122  118  120  118  120  118  120  118  120  121  123  121  123  121
  123  124  122  123  122  123  122  123  122  123  121  122  121  122  121  122  121  122  123  124  123  124  123
  123  124  123  124  123  124  123  124  123  124  124  125  124  125  124  125  124  125  124  125  124  125  124
  126  128  127  129  127  129  127  129  127  129  129  131  129  131  129  131  129  131  129  131  129  131  129
  132  133  133  134  133  134  133  134  133  134  133  134  133  134  133  134  133  134  135  136  135  136  135
  128  130  128  130  128  130  128  130  128  130  130  132  130  132  130  132  130  132  130  132  130  132  130
  129  129  129  129  129  129  129  129  129  129  130  130  130  130  130  130  130  130  130  130  130  130  130
  126  126  126  126  126  126  126  126  126  126  127  127  127  127  127  127  127  127  127  127  127  127  127
  125  126  125  126  125  126  125  126  125  126  125  126  125  126  125  126  125  126  125  126  125  126  125
  122  124  122  124  122  124  122  124  122  124  122  124  122  124  122  124  122  124  122  124  122  124  122
  120  120  120  120  120  120  120  120  120  120  120  120  120  120  120  120  120  120  120  120  120  120  120
  112  112  112  112  112  112  112  112  112  112  114  114  114  114  114  114  114  114  114  114  114  114  114
  105  105  105  105  105  105  105  105  105  105  107  107  107  107  107  107  107  107  107  107  107  107  107
   97   97   97   97   97   97   98   98   98   98   97   97   97   97   97   98   98   98   99   99   99   99  100
   87   87   90   90   89   89   89   89   89   89   87   87   87   86   86   86   86   86   89   89   89   89   89
   71   71   73   73   72   72   71   71   70   70   77   76   76   75   75   74   73   73   76   76   75   75   74
  101  100  100  100   99   98   97   96   95   95   92   91   91   90   89   88   87   86   86   86   85   84   83
   83   82   82   82   81   80   79   78   77   77   74   73   73   72   71   70   69   69   68   68   67   66   65
   25   25   27   27   26   26   25   24   24   24   30   30   30   29   28   28   27   27   28   28   28   27   26
   17   17   19   19   19   19   18   18   18   18   16   16   16   16   16   15   15   15   17   17   17   16   16
   15   16   16   16   16   16   16   17   17   17   15   16   16   16   16   16   16   17   16   16   16   16   16
   16   16   16   16   16   16   16   16   16   16   16   16   16   16   16   16   16   16   16   16   16   16   16
   17   17   17   17   17   17   17   17   17   17   17   17   17   17   17   17   17   17   17   17   17   17   17

  Columns 70 through 92

   85   85   85   83   83   83   83   83   83   83   86   91   92   89   88   85   87   87   89   90   95   94   89
   82   82   82   81   81   81   81   81   81   81   84   87   88   84   83   81   81   83   84   84   90   92   85
   73   73   73   74   74   74   74   74   74   74   76   80   81   77   76   74   74   76   77   78   84   86   82
   70   69   70   71   72   71   72   71   72   71   74   78   78   75   73   71   72   72   75   78   78   76   73
   78   75   77   75   77   75   77   75   77   75   77   78   78   76   74   71   73   73   76   93   88   83   81
  117  116  116  112  113  112  113  112  113  112  113  110  110  108  106  103  105  106  108  101   99   98  104
  136  133  135  132  134  132  134  132  134  132  134  130  128  127  125  123  124  125  128  134  136  141  144
  214  212  213  215  217  215  217  215  217  215  215  215  215  212  211  210  210  211  214  210  216  219  210
  124  123  124  122  122  120  119  115  114  111  110  105  100   93   91   92   99  107  114  154  183  234  215
   45   43   45   49   51   48   49   46   47   44   44   49   47   43   41   40   44   48   53   64   93  163  208
   41   40   41   36   37   37   38   37   39   38   38   32   31   29   28   28   27   26   30   25   34   90  184
   26   26   26   27   27   27   28   28   29   29   30   31   32   30   29   27   27   28   29   40   33   56  170
   35   35   35   37   37   37   37   37   36   36   36   30   29   26   26   25   26   30   33   36   38   48  168
   41   40   41   39   40   38   38   37   37   36   36   43   41   37   37   35   39   44   47   42   50   51  162
   52   51   52   59   59   58   59   58   58   57   58   52   52   49   48   46   49   53   57   66   72   67  162
   62   62   62   61   61   61   61   62   62   62   63   65   64   61   61   60   60   61   65   65   72   76  173
   68   68   68   69   69   69   69   69   69   69   71   73   73   69   66   65   66   69   74   78   88   79  170
   74   72   74   73   75   73   75   73   75   73   75   77   77   73   70   68   69   73   79   83   91   84  168
   80   79   80   80   81   80   81   80   81   80   81   83   81   77   74   73   74   79   84   90   95   92  164
   86   85   86   85   86   85   86   85   86   85   86   87   86   82   79   77   79   83   89   94   97  102  161
   91   89   91   89   91   89   91   89   91   89   91   93   93   88   86   84   86   90   94   98   99  114  157
   95   95   95   94   94   94   94   94   94   94   96   98   98   94   91   90   91   94  100  103  107  130  157
  101  101  101  100  100  100  100  100  100  100  101  105  105  101   98   97   98  101  107  111  115  146  160
  106  106  106  105  105  105  105  105  105  105  106  111  111  107  104  103  104  108  112  119  123  157  162
  110  110  110  109  109  109  109  109  109  109  111  112  113  110  108  107  109  112  117  124  150  158  158
  112  112  112  113  113  113  113  113  113  113  114  121  120  113  111  110  113  118  123  142  162  163  158
  117  117  117  118  118  118  118  118  118  118  119  126  124  117  114  114  120  130  137  155  167  160  152
  123  121  123  119  121  119  121  119  121  119  122  126  125  121  122  124  133  143  150  154  162  151  145
  124  123  124  122  123  122  123  122  123  122  124  128  129  128  131  134  140  149  153  152  158  146  143
  125  124  125  125  126  125  126  125  126  125  128  135  137  136  137  138  141  145  148  152  159  147  142
  131  129  131  130  132  130  132  130  132  130  133  138  140  138  138  138  138  141  145  150  155  143  137
  136  135  136  134  135  134  135  134  135  134  135  136  137  134  135  135  138  142  145  143  148  134  128
  132  130  132  130  132  130  132  130  132  130  130  130  129  129  130  130  133  136  137  138  133  132  121
  130  130  130  130  130  130  130  130  130  130  129  127  126  127  127  129  131  133  134  134  129  126  115
  127  127  127  127  127  127  127  127  127  127  127  126  125  125  126  127  129  130  132  131  124  122  111
  126  125  126  125  126  125  126  125  126  125  125  125  123  123  123  125  126  128  128  127  120  118  110
  124  122  124  122  124  122  124  122  124  122  124  124  122  122  122  122  124  124  125  126  116  115  107
  120  120  120  120  120  120  120  120  120  120  120  121  121  118  118  118  120  120  120  120  112  109  103
  114  114  114  114  114  114  114  114  114  114  116  117  117  114  114  113  113  113  114  115  106  102   98
  107  107  107  107  107  107  107  107  107  107  109  110  110  109  107  105  105  106  106  108   99   96   93
  100  100  100  100  100  100  100  100  100  100  100  102  102   99   98   95   95   96   96   98   97   89   80
   89   88   88   90   90   90   90   90   90   90   92   92   92   89   86   85   85   85   86   88   88   83   78
   73   73   72   73   73   73   73   73   73   73   75   75   75   74   71   70   70   70   71   73   74   72   66
   82   82   81   79   79   79   79   79   79   79   80   81   81   78   77   74   74   74   75   78   79   77   73
   64   63   63   61   61   61   61   61   61   61   63   63   63   60   59   56   56   57   59   61   63   63   61
   26   25   25   26   26   26   26   26   26   26   28   28   28   25   22   20   20   21   24   28   30   31   31
   16   16   16   17   17   17   17   17   17   17   19   19   19   16   15   12   12   13   16   22   24   25   27
   17   17   17   16   16   16   16   16   16   16   17   18   18   15   13   12   12   13   15   20   19   20   20
   16   16   16   16   16   16   16   16   16   16   16   17   17   16   16   14   14   16   16   17   17   17   17
   17   17   17   17   17   17   17   17   17   17   17   17   17   17   17   17   17   17   17   17   17   17   17

  Columns 93 through 100

   84   87   83   79   81   82   82   82
   77   76   74   72   79   82   82   82
   76   74   71   73   76   80   80   80
   68   65   61   61   75   79   79   79
   80   76   68   64   74   77   77   77
  106   98   87   81   75   76   76   76
  133  111   91   81   75   74   74   74
  177  133  101   85   78   74   74   74
  183  104  120   82   75   71   71   71
  190  109  105   77   74   71   71   71
  176   99   89   78   70   69   69   69
  161   95   82   76   68   68   68   68
  159  102   82   61   66   66   66   66
  157  103   93   59   66   65   65   65
  157   97  103   68   66   63   63   63
  167   92  102   65   66   63   63   63
  155   99   87   67   61   60   60   60
  153   96   83   60   60   60   60   60
  152   96   80   56   58   58   58   58
  151   96   80   55   57   57   57   57
  148   94   78   56   55   55   55   55
  148   91   76   57   54   54   54   54
  145   86   72   56   52   52   52   52
  144   84   71   55   52   52   52   52
  131   90   73   55   49   49   49   49
  129   88   71   51   49   49   49   49
  125   88   69   48   47   47   47   47
  122   88   69   46   46   46   46   46
  123   90   68   43   44   44   44   44
  122   88   67   41   43   43   43   43
  117   85   65   42   41   41   41   41
  108   79   63   44   41   41   41   41
   97   80   58   36   38   39   39   39
   93   77   57   34   38   39   39   39
   91   76   56   34   37   37   37   37
   91   78   58   34   36   36   36   36
   90   78   60   35   34   34   34   34
   90   79   61   36   34   33   33   33
   86   78   61   35   32   31   31   31
   84   76   61   35   32   31   31   31
   79   77   57   31   29   28   28   28
   78   78   58   34   29   28   28   28
   67   64   48   27   27   26   26   26
   72   66   50   33   25   25   25   25
   57   51   38   28   23   23   23   23
   30   25   17   14   21   22   22   22
   24   21   18   19   19   20   20   20
   18   15   12   15   19   20   20   20
   17   17   16   16   17   17   17   17
   17   17   17   17   17   17   17   17


rectdi(:,:,2) =

  Columns 1 through 23

   88   86   86   88   88   86   84   85   84   84   85   85   86   86   87   85   80   78   78   78   78   78   78
   80   81   82   81   80   78   80   83   81   81   82   82   83   83   84   82   80   78   78   78   78   78   78
   87   89   89   87   83   82   84   86   79   79   80   80   81   81   81   82   82   83   83   83   83   83   83
   81   81   80   76   75   76   74   70   75   75   75   75   76   76   76   78   80   82   82   82   82   82   82
   79   78   74   73   79   87   85   77   75   75   75   75   76   76   76   77   80   82   82   82   82   82   82
   81   81   77   77   90  108  116  111  116  116  116  116  116  118  118  118  120  121  121  121  121  121  121
   70   73   70   66   79  106  126  133  122  121  121  121  121  122  122  122  121  120  120  120  120  120  120
   76   82   79   68   77  108  140  156  173  172  171  171  172  173  173  172  170  168  169  168  169  168  169
   75   69   71   68   73  115  121  168  171  156  146  105   76   82   78   72   71   69   70   69   70   69   70
   74   69   70   67   72  115  119  165  147   60   12    6   12   14    3    8    8    7    8    7    8    7    8
   74   69   70   65   71  115  118  161  108   20    0    2   15    8    0   18   14   15   16   15   16   15   16
   72   68   69   63   70  116  117  157   42    5    4    9    7    8    3   15   14   15   16   15   16   15   16
   71   69   69   62   69  116  116  153   52   22   18   11   13   27   21   20   26   28   29   28   29   28   29
   70   68   68   59   68  118  116  150   44   12   12   16   18   23   19   25   24   25   25   25   25   25   25
   69   68   67   58   67  118  115  147   43   21   33   39   35   37   35   44   35   34   34   34   34   34   34
   68   67   67   58   66  118  114  145   58   34   31   21   24   43   40   33   31   29   29   29   29   29   29
   61   60   57   60   68  115  118  130   55   34   29   35   36   38   43   41   37   36   36   36   36   36   36
   57   58   56   59   69  116  117  126   54   32   29   36   37   40   44   42   40   39   40   39   40   39   40
   56   57   55   58   67  116  115  123   56   35   30   40   41   44   48   45   44   43   43   43   43   43   43
   54   56   54   56   66  116  114  118   60   38   32   41   44   46   50   45   47   46   47   46   47   46   47
   53   57   53   53   64  115  112  112   68   43   34   42   46   47   50   47   49   48   49   48   49   48   49
   52   56   52   51   63  115  111  107   79   50   39   43   45   48   51   46   49   49   49   49   49   49   49
   50   55   51   49   61  114  109  104   91   58   43   45   46   48   51   47   50   50   50   50   50   50   50
   50   55   51   49   60  114  107  100   98   63   46   46   45   48   50   47   50   50   50   50   50   50   50
   47   48   49   48   57  115  108   90   88   76   62   50   45   46   51   56   49   50   51   51   51   51   51
   46   49   49   48   56  115  108   87   86   77   67   57   50   46   45   46   52   52   52   52   51   51   50
   46   49   48   46   55  114  106   83   79   75   70   66   59   52   46   43   48   49   49   49   49   49   49
   44   48   48   44   54  114  104   78   68   66   67   67   65   59   53   50   43   44   46   46   48   48   50
   43   47   47   41   52  114  102   72   61   59   60   61   63   60   58   57   47   48   48   47   48   47   47
   41   47   46   39   50  114  100   67   60   56   55   55   55   56   55   55   56   56   55   52   50   48   46
   40   46   45   38   49  114   99   64   56   52   49   48   49   50   51   52   56   57   55   54   52   50   49
   41   47   45   37   48  114  100   62   51   47   45   45   47   49   50   53   49   50   51   51   52   52   52
   44   41   41   40   48  112   99   56   49   44   42   41   42   44   46   46   46   45   46   45   46   45   46
   42   39   40   38   45  112   97   54   47   41   39   38   39   41   43   44   42   41   41   41   41   41   41
   40   37   38   35   43  110   95   49   42   36   33   32   33   35   38   38   37   36   36   36   36   36   36
   38   37   37   33   42  110   93   45   37   31   28   27   28   29   31   32   31   30   30   30   30   30   30
   36   36   36   30   40  111   93   41   33   27   23   21   23   24   26   26   25   25   25   25   25   25   25
   35   36   35   28   39  111   92   37   29   23   19   17   18   19   21   22   21   20   20   20   20   20   20
   31   34   33   25   38  110   91   34   26   21   16   14   14   15   17   18   17   17   17   17   17   17   17
   29   31   30   23   36  110   91   32   24   19   14   12   12   13   15   16   16   15   15   15   15   15   15
   28   35   28   30   23  117   91   25   23   17   13   12   13   14   15   16   14   15   15   15   15   15   16
   23   28   23   30   31  122   95   32   26   21   18   14   16   16   18   18   21   21   21   21   21   21   21
   29   28   20   23   30  110   88   38   28   23   20   18   18   20   21   21   23   23   22   21   21   20   20
   26   24   21   28   46  124  123  101   98   94   91   90   90   91   92   91   89   88   87   86   85   84   83
   22   23   25   27   40   94   98   95   94   92   89   88   89   90   93   92   88   87   86   85   84   83   83
   22   23   28   19   17   33   23   25   21   19   17   17   18   20   22   23   22   20   21   19   19   18   18
   13   14   27   24   28   29   16   25   19   18   17   18   20   22   24   25   25   24   24   23   23   23   23
   20   15   24   20   29   25   13   26   20   19   19   19   22   24   26   26   22   21   21   22   22   22   22
   17   17   18   18   18   18   18   17   17   17   17   17   17   18   19   19   18   18   18   18   18   18   18
   17   17   17   17   17   17   17   17   17   17   17   17   17   17   17   17   17   17   17   17   17   17   17

  Columns 24 through 46

   78   78   78   78   78   78   78   78   78   78   78   78   78   78   78   78   78   78   78   78   78   78   78
   78   78   78   78   78   78   78   78   78   78   78   78   78   78   78   78   78   80   80   80   80   80   80
   83   83   83   83   83   83   83   83   83   83   83   83   83   83   83   83   83   83   83   83   83   83   83
   82   82   82   82   82   82   82   82   82   82   82   82   82   82   82   82   82   82   82   82   82   82   82
   82   82   82   82   82   82   82   82   82   82   82   82   82   82   82   82   82   83   83   83   83   83   83
  121  121  121  121  121  121  121  121  121  121  121  121  121  121  121  121  121  117  117  117  117  117  117
  120  120  120  120  120  120  120  120  120  120  120  120  120  120  120  120  120  113  113  113  113  113  113
  168  169  168  169  168  169  168  169  168  169  168  169  168  169  168  169  168  169  168  169  168  169  168
   69   77   76   77   76   77   76   77   76   77   76   77   76   77   76   77   76   77   76   77   76   77   76
    7    5    4    5    4    5    4    5    4    5    4    5    4    5    4    5    4    5    4    5    4    5    4
   15   19   18   19   18   19   18   19   18   19   18   19   18   19   18   19   18   19   18   19   18   19   18
   15   15   14   15   14   15   14   15   14   15   14   15   14   15   14   15   14   15   14   15   14   15   14
   28   29   28   29   28   29   28   29   28   29   28   29   28   29   28   29   28   29   28   29   28   29   28
   25   30   30   30   30   30   30   30   30   30   30   30   30   30   30   30   30   30   30   30   30   30   30
   34   29   29   29   29   29   29   29   29   29   29   29   29   29   29   29   29   29   29   29   29   29   29
   29   32   32   32   32   32   32   32   32   32   32   32   32   32   32   32   32   32   32   32   32   32   32
   36   38   38   38   38   38   38   38   38   36   36   36   36   36   36   36   36   36   36   36   36   36   36
   39   40   39   40   39   40   39   40   39   40   38   40   38   40   38   40   38   40   38   40   38   40   38
   43   42   42   42   42   42   42   42   42   43   42   43   42   43   42   43   42   43   42   43   42   43   42
   46   46   45   46   45   46   45   46   45   46   45   46   45   46   45   46   45   46   45   46   45   46   45
   48   47   46   47   46   47   46   47   46   48   47   48   47   48   47   48   47   48   47   48   47   48   47
   49   49   49   49   49   49   49   49   49   48   48   48   48   48   48   48   48   48   48   48   48   48   48
   50   51   51   51   51   51   51   51   50   49   49   49   49   49   49   49   49   49   49   49   49   49   49
   50   51   51   51   51   51   51   51   50   49   49   49   49   49   49   49   49   49   49   49   49   49   49
   51   52   52   52   52   52   52   52   52   52   51   51   51   51   51   51   51   51   51   51   51   51   51
   50   50   50   50   50   50   50   50   50   49   49   49   49   49   49   49   49   49   49   49   49   49   49
   49   49   49   49   49   49   49   49   49   49   49   49   49   49   49   49   49   49   49   49   49   49   49
   49   51   50   51   50   51   50   51   50   51   50   51   50   51   50   51   50   51   50   51   50   51   50
   46   49   48   49   48   49   48   49   49   49   49   50   49   50   49   50   49   50   49   50   49   50   49
   45   46   46   46   46   46   46   46   46   47   46   48   46   48   46   48   46   48   46   48   46   48   46
   48   47   47   47   47   47   47   47   47   48   47   48   47   48   47   48   47   48   47   48   47   48   47
   53   50   50   50   50   50   50   50   50   51   50   51   50   51   50   51   50   51   50   51   50   51   50
   45   46   45   46   45   46   45   46   45   46   45   46   45   46   45   46   45   45   44   45   44   45   44
   41   41   41   41   41   41   41   41   41   41   41   41   41   41   41   41   41   41   41   41   41   41   41
   36   36   36   36   36   36   36   36   36   36   36   36   36   36   36   36   36   36   36   36   36   36   36
   30   30   30   30   30   30   30   30   30   30   30   30   30   30   30   30   30   31   31   31   31   31   31
   25   25   25   25   25   25   25   25   25   25   25   25   25   25   25   25   25   26   26   26   26   26   26
   20   20   20   20   20   20   20   20   20   20   20   20   20   20   20   20   20   21   21   21   21   21   21
   17   17   17   17   17   17   17   17   17   17   17   17   17   17   17   17   17   16   16   16   16   16   16
   15   15   15   15   15   15   15   15   15   15   15   15   15   15   15   15   15   14   14   14   14   14   14
   16   15   15   16   16   16   16   16   16   13   14   14   14   14   14   15   15   13   13   13   13   13   14
   20   17   17   17   17   17   17   17   16   18   18   18   18   18   17   17   17   18   18   18   18   18   17
   19   25   25   24   24   23   22   22   22   23   23   23   22   21   21   20   20   22   21   21   20   19   19
   83   81   80   80   79   78   77   76   76   73   73   72   71   70   69   68   68   68   67   66   65   64   63
   82   80   80   79   78   77   76   76   75   73   73   72   71   70   69   68   68   68   67   66   65   64   63
   17   24   22   23   21   22   20   20   19   23   22   22   21   21   19   20   19   21   20   20   19   19   18
   23   20   20   20   19   19   19   19   19   22   22   22   22   22   22   22   22   22   22   22   22   22   22
   22   22   22   22   22   23   23   23   23   22   22   22   23   23   23   23   23   21   21   22   22   22   22
   18   18   18   18   18   18   18   18   18   18   18   18   18   18   18   18   18   18   18   18   18   18   18
   17   17   17   17   17   17   17   17   17   17   17   17   17   17   17   17   17   17   17   17   17   17   17

  Columns 47 through 69

   78   78   77   77   77   77   77   77   77   77   78   78   78   78   78   78   78   78   78   78   78   78   78
   80   80   79   79   79   79   79   79   79   79   78   78   78   78   78   78   78   79   81   81   81   81   81
   83   83   84   84   84   84   84   84   84   84   82   82   82   82   82   82   82   82   83   83   83   83   83
   82   82   83   83   83   83   83   83   83   83   84   84   84   84   84   84   84   84   81   81   82   81   81
   83   83   82   82   82   82   82   82   82   82   82   82   82   82   82   82   82   82   82   81   82   81   81
  117  117  112  112  112  112  112  112  112  112  109  109  109  109  109  109  109  109  108  108  108  107  107
  113  113  110  110  110  110  110  110  110  110  107  107  107  107  107  107  107  107  105  105  105  104  104
  169  168  170  169  170  169  170  169  170  169  169  168  169  168  169  168  169  168  173  172  172  170  170
   77   76   77   76   77   76   77   76   77   76   79   78   79   78   79   78   79   78   77   76   77   76   77
    5    4    5    4    5    4    5    4    5    4    3    2    3    2    3    2    3    2    4    4    4    4    4
   19   18   19   18   19   18   19   18   19   18   19   18   19   18   19   18   19   18   18   17   18   17   18
   15   14   15   14   15   14   15   14   15   14   17   16   17   16   17   16   17   16   14   14   14   14   14
   29   28   29   28   29   28   29   28   29   28   27   26   27   26   27   26   27   26   28   27   28   27   28
   30   30   30   30   30   30   30   30   30   30   29   29   29   29   29   29   29   28   29   28   29   28   29
   29   29   29   29   29   29   29   29   29   29   32   32   32   32   32   32   32   32   28   27   28   27   28
   32   32   32   32   32   32   32   32   32   32   31   31   31   31   31   31   31   31   32   31   31   31   31
   36   37   37   37   37   37   37   37   37   37   37   37   37   37   37   37   37   37   36   35   35   35   35
   40   39   40   39   40   39   40   39   40   39   40   39   40   39   40   39   40   39   39   38   39   38   39
   43   43   44   43   44   43   44   43   44   43   44   43   44   43   44   43   44   43   43   42   43   42   43
   46   46   47   46   47   46   47   46   47   46   47   46   47   46   47   46   47   46   47   46   47   46   47
   48   47   48   48   48   48   48   48   48   48   48   48   48   48   48   48   48   48   49   48   49   48   49
   48   48   48   48   48   48   48   48   48   48   48   48   48   48   48   48   48   48   50   50   50   50   50
   49   49   49   49   49   49   49   49   49   49   49   49   49   49   49   49   49   49   51   51   51   51   51
   49   49   49   49   49   49   49   49   49   49   49   49   49   49   49   49   49   49   51   51   51   51   51
   51   51   52   52   52   52   52   52   52   52   50   50   50   50   50   50   50   51   53   53   53   53   53
   49   49   49   49   49   49   49   49   49   49   49   49   49   49   49   49   49   49   50   50   50   50   50
   49   49   48   48   48   48   48   48   48   48   49   49   49   49   49   49   49   49   49   49   49   49   49
   51   50   50   49   49   49   49   49   49   49   47   47   47   47   47   47   47   47   51   50   51   50   51
   50   49   48   48   48   48   48   48   48   48   47   47   47   47   47   47   47   47   49   49   49   49   49
   48   46   47   46   47   46   47   46   47   46   48   47   48   47   48   47   48   47   48   47   48   47   48
   48   47   49   48   49   48   49   48   49   48   51   50   51   50   51   50   51   50   51   50   51   50   51
   51   50   52   51   52   51   52   51   52   51   52   51   52   51   52   51   52   51   54   53   54   53   54
   45   44   45   44   45   44   45   44   45   44   47   46   47   46   47   46   47   46   47   46   47   46   47
   41   41   41   41   41   41   41   41   41   41   42   42   42   42   42   42   42   42   42   42   42   42   42
   36   36   36   36   36   36   36   36   36   36   37   37   37   37   37   37   37   37   37   37   37   37   37
   31   31   31   31   31   31   31   31   31   31   31   31   31   31   31   31   31   31   31   31   31   31   31
   26   26   26   26   26   26   26   26   26   26   26   26   26   26   26   26   26   26   26   26   26   26   26
   21   21   21   21   21   21   21   21   21   21   21   21   21   21   21   21   21   21   21   21   21   21   21
   16   16   16   16   16   16   16   16   16   16   18   18   18   18   18   18   18   18   18   18   18   18   18
   14   14   14   14   14   14   14   14   14   14   16   16   16   16   16   16   16   16   16   16   16   16   16
   14   14   14   14   14   14   15   15   15   15   14   14   14   14   14   15   15   15   16   16   16   16   17
   17   17   20   20   19   19   19   19   19   19   17   17   17   16   16   16   16   16   19   19   19   19   19
   18   18   20   20   19   19   18   18   17   17   24   23   23   22   22   21   20   20   23   23   22   22   21
   63   62   62   62   61   60   59   58   57   57   54   53   53   52   51   50   49   48   48   48   47   46   45
   63   62   62   62   61   60   59   58   57   57   54   53   53   52   51   50   49   49   48   48   47   46   45
   18   17   20   19   19   18   18   16   17   16   23   22   23   21   21   20   20   19   21   20   21   19   19
   22   22   24   24   24   24   23   23   23   23   21   21   21   21   21   20   20   20   22   22   22   21   21
   22   23   23   23   23   23   23   24   24   24   22   23   23   23   23   23   23   24   23   23   23   23   23
   18   18   18   18   18   18   18   18   18   18   18   18   18   18   18   18   18   18   18   18   18   18   18
   17   17   17   17   17   17   17   17   17   17   17   17   17   17   17   17   17   17   17   17   17   17   17

  Columns 70 through 92

   79   79   79   77   77   77   77   77   77   77   76   75   75   77   78   81   80   80   77   75   78   77   74
   81   81   81   80   80   80   80   80   80   80   79   76   75   78   80   81   81   80   78   73   77   79   76
   83   83   83   84   84   84   84   84   84   84   82   79   79   81   82   84   84   82   81   77   81   83   81
   80   81   80   83   82   83   82   83   82   83   81   79   78   80   82   84   83   82   80   78   76   74   73
   80   80   79   80   79   80   79   80   79   80   79   75   74   76   77   80   78   78   76   89   81   74   77
  105  106  104  102  101  102  101  102  101  102  101   95   95   97   98  100   99   98   97   86   79   78   86
  102  102  101  101  100  101  100  101  100  101  100   96   97   99  100  102  101  100   98   98   98  103  108
  168  169  167  172  171  172  171  172  171  172  172  173  173  175  177  178  178  176  174  165  167  170  163
   76   77   76   76   74   74   71   69   66   65   64   60   58   56   56   59   65   70   72  107  131  182  166
    4    4    4   10   10    9    8    7    6    5    6   11   11   12   12   14   15   17   17   23   47  115  162
   17   18   17   14   13   15   14   15   15   16   15    9   10   13   14   15   13   10    6    0    1   54  151
   14   14   14   15   15   15   16   16   17   17   17   19   19   22   25   24   23   18   14   20    8   29  145
   27   28   27   30   29   30   29   30   28   29   28   21   21   23   24   24   24   22   20   16   13   23  146
   28   29   28   28   27   27   25   26   24   25   23   29   29   30   31   31   32   32   31   18   22   23  134
   27   28   27   36   34   35   34   35   33   34   33   28   28   30   31   32   32   31   28   30   31   25  123
   31   31   31   30   30   30   30   31   31   31   31   31   33   35   37   39   37   32   30   22   24   26  127
   35   35   35   36   36   36   36   36   36   36   35   36   36   39   41   42   42   39   35   29   34   25  121
   38   39   38   40   39   40   39   40   39   40   39   37   37   41   43   45   44   41   37   32   35   28  117
   42   43   42   44   43   44   43   44   43   44   43   40   41   44   46   48   47   44   40   36   36   33  113
   46   47   46   47   46   47   46   47   46   47   46   42   43   46   48   50   49   46   42   37   36   41  107
   48   49   48   49   48   49   48   49   48   49   48   45   45   48   50   52   50   48   44   38   35   50  103
   50   50   50   49   49   49   49   49   49   49   48   46   46   49   51   52   51   49   45   39   38   63  101
   51   51   51   50   50   50   50   50   50   50   49   48   48   51   53   54   53   51   47   42   43   77  100
   51   51   51   50   50   50   50   50   50   50   49   49   49   52   53   55   54   51   47   45   47   83  100
   53   53   53   52   52   52   52   52   52   52   51   44   45   49   52   54   53   50   45   44   68   82   94
   50   50   50   51   51   51   51   51   51   51   49   48   47   48   48   49   50   48   46   57   75   82   91
   49   49   49   50   50   50   50   50   50   50   49   49   47   47   46   49   52   55   55   66   78   75   83
   50   51   50   49   48   49   48   49   48   49   47   45   44   46   49   54   60   63   65   61   70   64   73
   49   49   49   48   48   48   48   48   48   48   46   45   46   50   56   61   63   64   64   55   61   57   69
   47   48   47   49   48   49   48   49   48   49   47   49   49   55   59   61   61   58   53   53   60   55   67
   50   51   50   52   51   52   51   52   51   52   50   50   50   55   57   57   55   52   47   49   55   51   62
   53   54   53   53   52   53   52   53   52   53   52   48   49   51   52   53   53   50   48   44   51   47   58
   46   47   46   47   46   47   46   47   46   47   47   47   47   48   47   48   46   44   43   44   44   55   60
   42   42   42   42   42   42   42   42   42   42   43   44   44   44   44   43   42   41   40   42   42   53   59
   37   37   37   37   37   37   37   37   37   37   37   38   39   39   38   37   36   35   34   36   36   46   53
   31   31   31   31   31   31   31   31   31   31   31   32   32   32   32   31   30   29   29   31   29   40   46
   26   26   26   26   26   26   26   26   26   26   26   26   27   26   26   26   25   24   23   26   25   34   41
   21   21   21   21   21   21   21   21   21   21   21   21   21   22   22   21   20   20   19   22   20   27   37
   18   18   18   18   18   18   18   18   18   18   18   17   17   18   18   18   17   17   16   19   16   23   32
   16   16   16   16   16   16   16   16   16   16   16   15   15   16   16   17   16   15   15   19   14   21   30
   17   17   17   17   17   17   17   17   17   17   17   15   15   16   16   17   17   15   15   17   21   20   22
   19   18   18   20   20   20   20   20   20   20   19   17   17   19   20   20   20   19   18   20   23   24   27
   20   20   19   20   20   20   20   20   20   20   19   18   18   18   20   20   20   20   19   20   22   23   26
   44   44   43   41   41   41   41   41   41   41   40   38   38   40   41   43   43   42   41   39   40   41   42
   44   43   43   41   41   41   41   41   41   41   40   38   38   40   41   43   43   42   41   38   38   38   38
   18   18   17   19   18   19   18   19   18   19   17   15   15   17   20   22   22   21   19   18   16   17   18
   21   21   21   22   22   22   22   22   22   22   21   18   18   21   23   25   25   24   22   21   20   18   20
   24   24   24   23   23   23   23   23   23   23   22   20   20   22   24   25   25   25   23   23   20   18   18
   18   18   18   18   18   18   18   18   18   18   18   17   17   18   18   19   19   19   18   17   17   17   17
   17   17   17   17   17   17   17   17   17   17   17   17   17   17   17   17   17   17   17   17   17   17   17

  Columns 93 through 100

   80   88   93   88   84   82   82   82
   77   82   88   85   84   82   82   82
   83   88   93   92   83   80   80   80
   77   81   84   82   82   79   79   79
   83   86   85   80   79   77   77   77
   95   95   91   87   77   76   76   76
  103   88   75   72   73   74   74   74
  135   99   74   67   72   74   74   74
  138   67   88   61   69   71   71   71
  152   75   79   59   69   71   71   71
  150   78   75   70   68   69   69   69
  141   80   74   72   67   68   68   68
  142   89   78   59   65   66   66   66
  133   84   81   53   64   65   65   65
  123   68   81   54   61   63   63   63
  129   61   79   52   61   63   63   63
  118   73   73   61   59   60   60   60
  116   73   73   58   60   60   60   60
  115   72   70   54   58   58   58   58
  112   72   70   53   57   57   57   57
  109   69   71   56   55   55   55   55
  106   66   68   57   54   54   54   54
  103   61   64   56   52   52   52   52
  100   57   60   55   52   52   52   52
   84   63   62   55   49   49   49   49
   81   61   60   51   49   49   49   49
   75   58   58   48   47   47   47   47
   72   58   58   45   46   46   46   46
   71   59   57   42   44   44   44   44
   70   57   56   40   43   43   43   43
   65   53   54   41   41   41   41   41
   60   51   54   45   41   41   41   41
   58   58   55   39   39   39   39   39
   56   57   54   37   39   39   39   39
   52   54   51   34   37   37   37   37
   47   52   49   33   36   36   36   36
   45   50   49   33   34   34   34   34
   42   49   47   31   32   33   33   33
   38   47   45   29   30   31   31   31
   37   45   43   26   30   31   31   31
   37   48   41   22   27   28   28   28
   41   52   45   28   27   28   28   28
   37   45   37   23   25   26   26   26
   49   52   44   32   25   25   25   25
   43   43   38   30   23   23   23   23
   22   23   21   19   23   22   22   22
   21   22   24   25   21   20   20   20
   18   16   18   21   21   20   20   20
   17   17   18   18   17   17   17   17
   17   17   17   17   17   17   17   17


rectdi(:,:,3) =

  Columns 1 through 23

   80   78   78   80   82   80   78   79   78   78   77   77   75   75   73   77   86   89   89   89   89   89   89
   72   73   74   75   74   75   77   80   78   78   76   76   75   75   73   76   80   84   84   84   84   84   84
   79   81   83   81   80   82   84   86   82   82   80   80   78   78   78   76   76   75   75   75   75   75   75
   73   75   74   73   75   79   80   78   83   83   83   83   82   82   82   78   73   71   71   71   71   71   71
   73   72   71   73   85   95   96   91   92   92   92   92   90   90   90   86   81   77   77   77   77   77   77
   75   78   77   80   98  122  133  133  142  142  142  142  142  140  140  138  133  131  131  131  131  131  131
   64   70   70   72   90  123  152  162  153  155  155  155  155  153  153  153  153  155  155  155  155  155  155
   70   79   79   76   91  130  169  190  210  212  214  214  212  210  210  212  214  217  215  217  215  217  215
   69   66   74   76   90  141  152  205  214  201  191  150  119  125  118  115  117  121  119  121  119  121  119
   68   66   73   75   89  141  153  205  192  108   60   51   57   57   43   48   49   51   51   51   51   51   51
   66   63   70   73   88  141  152  204  153   68   32   47   58   48   35   49   40   38   38   38   38   38   38
   64   62   69   71   87  142  151  200   87   50   49   52   47   42   34   41   31   29   27   29   27   29   27
   60   61   66   68   83  142  150  193   95   67   61   51   47   56   47   39   40   38   36   38   36   38   36
   59   60   65   65   82  140  147  187   87   55   52   50   47   49   38   42   40   40   40   40   40   40   40
   55   57   64   64   81  140  146  184   83   61   70   70   61   56   49   61   61   62   62   62   62   62   62
   60   60   62   59   76  138  147  186  104   78   71   55   50   65   60   56   65   67   67   67   67   67   67
   66   62   51   55   71  131  155  181  115   93   80   79   70   70   78   78   77   77   77   77   77   77   77
   71   65   51   50   66  129  156  183  121  101   85   83   78   78   86   86   82   81   81   81   81   81   81
   70   64   50   49   65  129  155  180  126  104   89   89   85   85   93   92   89   87   87   87   87   87   87
   68   63   49   47   64  129  154  178  131  110   94   96   90   90   98   95   95   93   91   93   91   93   91
   66   63   48   44   62  131  154  175  142  118  102  100   95   97  104  102  100   98   96   98   96   98   96
   65   62   47   42   61  131  153  172  155  130  109  107  101  103  111  108  103  102  102  102  102  102  102
   61   60   46   40   60  133  154  169  172  142  119  115  109  112  119  114  110  106  106  106  106  106  106
   61   60   46   42   61  133  155  169  182  152  127  121  115  117  126  121  116  112  112  112  112  112  112
   55   53   44   41   58  136  159  161  175  168  149  131  122  124  135  137  123  119  120  120  120  120  120
   54   53   41   41   57  136  159  162  179  175  159  143  133  130  135  135  133  129  127  129  126  128  125
   53   53   40   39   56  136  159  161  175  177  168  158  148  143  145  141  137  134  132  134  132  134  132
   51   50   39   37   55  138  160  159  167  172  168  164  159  157  157  153  138  134  135  136  137  138  139
   48   49   38   34   56  139  158  154  164  170  167  165  163  164  168  166  149  146  145  145  145  145  144
   46   49   37   32   54  141  159  152  164  169  165  162  161  164  168  169  161  158  157  154  152  150  148
   45   48   36   29   53  141  158  150  163  166  162  157  157  161  167  169  166  162  160  159  157  155  154
   41   46   36   32   55  143  156  145  156  161  160  158  157  160  166  167  160  158  159  159  160  160  160
   36   34   36   41   60  143  153  133  147  154  157  157  156  156  154  154  152  152  152  152  152  152  152
   31   31   34   43   62  144  150  128  140  151  156  158  156  154  151  149  151  151  151  151  151  151  151
   29   29   34   40   60  145  149  126  138  149  154  158  156  152  149  149  150  150  150  150  150  150  150
   27   29   33   38   60  145  148  122  134  145  152  155  154  152  148  146  148  150  150  150  150  150  150
   28   30   33   36   59  146  148  118  132  142  150  153  151  150  146  146  148  148  148  148  148  148  148
   27   30   34   34   58  144  147  112  126  137  144  149  147  147  144  142  144  146  146  146  146  146  146
   25   30   32   32   55  143  144  106  120  131  138  143  142  142  138  138  140  140  140  140  140  140  140
   25   30   32   30   53  140  138   99  113  122  130  134  134  132  129  129  130  132  132  132  132  132  132
   27   34   30   35   37  142  133   86  101  111  117  121  121  121  118  118  118  121  121  121  121  121  122
   22   27   25   35   42  143  130   82   93  101  107  109  107  107  104  104  109  110  110  110  110  110  110
   31   30   19   25   35  124  115   76   81   88   93   94   91   89   85   87   91   93   92   91   91   90   90
   28   26   20   27   48  131  140  129  137  142  146  145  143  138  136  135  135  137  136  135  134  133  132
   27   25   24   23   36   93  105  112  120  125  126  125  122  118  112  111  113  114  113  112  111  110  110
   27   25   27   15   10   26   22   31   35   38   39   39   35   28   25   25   28   31   29   30   27   29   26
   20   19   26   17   19   20    9   24   25   26   28   26   23   16   13   13   17   20   18   19   17   19   17
   25   20   23   16   22   17    6   23   20   22   22   22   19   16   12   12   11   13   13   14   14   14   14
   19   19   17   17   15   15   15   17   17   17   17   17   17   15   13   13   15   15   15   15   15   15   15
   17   17   17   17   17   17   17   17   17   17   17   17   17   17   17   17   17   17   17   17   17   17   17

  Columns 24 through 46

   89   89   89   89   89   89   89   89   89   89   89   89   89   89   89   89   89   89   89   89   89   89   89
   84   84   84   84   84   84   84   84   84   84   84   84   84   84   84   84   84   86   86   86   86   86   86
   75   75   75   75   75   75   75   75   75   75   75   75   75   75   75   75   75   75   75   75   75   75   75
   71   71   71   71   71   71   71   71   71   71   71   71   71   71   71   71   71   71   71   71   71   71   71
   77   77   77   77   77   77   77   77   77   77   77   77   77   77   77   77   77   78   78   78   78   78   78
  131  131  131  131  131  131  131  131  131  131  131  131  131  131  131  131  131  127  127  127  127  127  127
  155  155  155  155  155  155  155  155  155  155  155  155  155  155  155  155  155  148  148  148  148  148  148
  217  215  217  215  217  215  217  215  217  215  217  215  217  215  217  215  217  215  217  215  217  215  217
  121  126  128  126  128  126  128  126  128  126  128  126  128  126  128  126  128  126  128  126  128  126  128
   51   48   48   48   48   48   48   48   48   48   48   48   48   48   48   48   48   48   48   48   48   48   48
   38   41   41   41   41   41   41   41   41   41   41   41   41   41   41   41   41   41   41   41   41   41   41
   29   26   28   26   28   26   28   26   28   26   28   26   28   26   28   26   28   26   28   26   28   26   28
   38   36   38   36   38   36   38   36   38   36   38   36   38   36   38   36   38   36   38   36   38   36   38
   40   45   45   45   45   45   45   45   45   45   45   45   45   45   45   45   45   45   45   45   45   45   45
   62   57   57   57   57   57   57   57   57   57   57   57   57   57   57   57   57   57   57   57   57   57   57
   67   70   70   70   70   70   70   70   70   70   70   70   70   70   70   70   70   70   70   70   70   70   70
   77   79   79   79   79   79   79   79   79   77   77   77   77   77   77   77   77   77   77   77   77   77   77
   81   81   81   81   81   81   81   81   81   81   82   81   82   81   82   81   82   81   82   81   82   81   82
   87   86   86   86   86   86   86   86   86   87   89   87   89   87   89   87   89   87   89   87   89   87   89
   93   90   92   90   92   90   92   90   92   93   95   95   95   95   95   95   95   95   95   95   95   95   95
   98   94   96   94   96   94   96   94   96  100  100  100  100  100  100  100  100  100  100  100  100  100  100
  102  102  102  102  102  102  102  102  102  103  105  105  105  105  105  105  105  105  105  105  105  105  105
  106  107  107  107  107  107  107  107  109  110  112  112  112  112  112  112  112  112  112  112  112  112  112
  112  113  113  113  113  113  113  113  115  116  117  117  117  117  117  117  117  117  117  117  117  117  117
  120  121  121  121  121  121  121  121  121  123  125  125  125  125  125  125  125  125  125  125  125  125  125
  127  125  127  125  127  125  127  125  127  128  128  128  128  128  128  128  128  128  128  128  128  128  128
  134  132  134  132  134  132  134  132  134  134  134  134  134  134  134  134  134  134  134  134  134  134  134
  139  140  140  140  140  140  140  140  140  140  140  140  140  140  140  140  140  140  140  140  140  140  140
  144  146  146  146  146  146  146  146  144  144  142  142  142  142  142  142  142  142  142  142  142  142  142
  147  148  148  148  148  148  148  148  147  145  145  143  145  143  145  143  145  143  145  143  145  143  145
  153  152  152  152  152  152  152  152  152  149  149  147  149  147  149  147  149  147  149  147  149  147  149
  161  158  158  158  158  158  158  158  156  154  154  153  154  153  154  153  154  153  154  153  154  153  154
  152  152  152  152  152  152  152  152  152  152  152  150  152  150  152  150  152  149  151  149  151  149  151
  151  151  151  151  151  151  151  151  151  151  151  151  151  151  151  151  151  151  151  151  151  151  151
  150  150  150  150  150  150  150  150  150  150  150  150  150  150  150  150  150  150  150  150  150  150  150
  150  150  150  150  150  150  150  150  150  150  150  150  150  150  150  150  150  151  151  151  151  151  151
  148  148  148  148  148  148  148  148  148  148  148  148  148  148  148  148  148  149  149  149  149  149  149
  146  146  146  146  146  146  146  146  146  146  146  146  146  146  146  146  146  147  147  147  147  147  147
  140  140  140  140  140  140  140  140  140  140  140  140  140  140  140  140  140  139  139  139  139  139  139
  132  132  132  132  132  132  132  132  132  132  132  132  132  132  132  132  132  131  131  131  131  131  131
  122  121  121  122  122  122  122  122  122  119  120  120  120  120  120  121  121  119  119  119  119  119  120
  109  106  106  106  106  106  106  106  105  107  107  107  107  107  106  106  106  107  107  107  107  107  106
   89   95   95   94   94   93   92   92   92   93   93   93   92   91   91   90   90   92   91   91   90   89   89
  132  130  129  129  128  127  126  125  125  122  122  121  120  119  118  117  117  117  116  115  114  113  112
  109  107  107  106  105  104  103  103  102  100  100   99   98   97   96   95   95   95   94   93   92   91   90
   28   32   33   31   32   30   31   28   30   31   33   30   32   29   30   28   30   29   31   28   30   27   29
   19   14   16   14   15   13   15   13   15   16   18   16   18   16   18   16   18   16   18   16   18   16   18
   14   14   14   14   14   15   15   15   15   14   14   14   15   15   15   15   15   13   13   14   14   14   14
   15   15   15   15   15   15   15   15   15   15   15   15   15   15   15   15   15   15   15   15   15   15   15
   17   17   17   17   17   17   17   17   17   17   17   17   17   17   17   17   17   17   17   17   17   17   17

  Columns 47 through 69

   89   89   88   88   88   88   88   88   88   88   89   89   89   89   89   89   89   89   88   88   88   88   88
   86   86   85   85   85   85   85   85   85   85   84   84   84   84   84   84   84   84   86   86   86   86   86
   75   75   76   76   76   76   76   76   76   76   74   74   74   74   74   74   74   74   74   74   74   74   74
   71   71   72   72   72   72   72   72   72   72   73   73   73   73   73   73   73   73   70   70   70   70   69
   78   78   77   77   77   77   77   77   77   77   77   77   77   77   77   77   77   77   77   76   76   76   75
  127  127  122  122  122  122  122  122  122  122  119  119  119  119  119  119  119  119  118  118  117  117  116
  148  148  145  145  145  145  145  145  145  145  142  142  142  142  142  142  142  142  140  140  139  139  138
  215  217  216  218  216  218  216  218  216  218  215  217  215  217  215  217  215  217  219  221  218  219  216
  126  128  126  128  126  128  126  128  126  128  128  130  128  130  128  130  128  130  126  128  126  128  126
   48   48   48   48   48   48   48   48   48   48   46   46   46   46   46   46   46   46   48   48   48   48   48
   41   41   41   41   41   41   41   41   41   41   41   41   41   41   41   41   41   41   41   41   41   41   41
   26   28   26   28   26   28   26   28   26   28   28   30   28   30   28   30   28   30   26   28   26   28   26
   36   38   36   38   36   38   36   38   36   38   34   36   34   36   34   36   34   36   36   38   36   38   36
   45   45   45   45   45   45   45   45   45   45   44   44   44   44   44   44   44   44   45   45   45   45   45
   57   57   57   57   57   57   57   57   57   57   60   60   60   60   60   60   60   60   57   57   57   57   57
   70   70   70   70   70   70   70   70   70   70   69   69   69   69   69   69   69   69   70   72   72   72   72
   77   75   75   73   73   73   73   73   73   73   73   73   73   73   73   73   73   75   77   78   78   78   78
   81   81   79   79   77   79   77   79   77   79   77   79   77   79   77   79   77   79   82   84   84   84   84
   87   87   86   86   84   86   84   86   84   86   84   86   84   86   84   86   84   86   87   89   89   89   89
   95   93   91   91   91   91   91   91   91   91   91   91   91   91   91   91   91   91   94   96   94   96   94
  100  100   98   98   98   98   98   98   98   98   98   98   98   98   98   98   98   98   99  101   99  101   99
  105  105  103  103  103  103  103  103  103  103  103  103  103  103  103  103  103  103  105  105  105  105  105
  112  112  110  110  110  110  110  110  110  110  110  110  110  110  110  110  110  110  110  110  110  110  110
  117  117  116  116  116  116  116  116  116  116  116  116  116  116  116  116  116  116  116  116  116  116  116
  125  125  126  126  126  126  126  126  126  126  124  124  124  124  124  124  124  122  122  122  122  122  122
  128  128  128  128  128  128  128  128  128  128  128  128  128  128  128  128  128  128  127  125  125  125  125
  134  134  135  135  135  135  135  135  135  135  136  136  136  136  136  136  136  134  132  132  132  132  132
  140  140  139  141  141  141  141  141  141  141  139  139  139  139  139  139  139  137  140  139  139  139  139
  142  144  143  143  143  143  143  143  143  143  142  142  142  142  142  142  142  142  144  144  144  144  144
  143  145  145  147  145  147  145  147  145  147  146  148  146  148  146  148  146  148  148  148  148  148  148
  147  149  150  151  150  151  150  151  150  151  152  153  152  153  152  153  152  153  153  153  153  153  153
  153  154  155  155  155  155  155  155  155  155  155  155  155  155  155  155  155  155  159  159  159  159  159
  149  151  151  151  151  151  151  151  151  151  153  153  153  153  153  153  153  153  153  153  153  153  153
  151  151  151  151  151  151  151  151  151  151  152  152  152  152  152  152  152  152  152  152  152  152  152
  150  150  150  150  150  150  150  150  150  150  151  151  151  151  151  151  151  151  151  151  151  151  151
  151  151  151  151  151  151  151  151  151  151  151  151  151  151  151  151  151  151  151  151  151  151  151
  149  149  149  149  149  149  149  149  149  149  149  149  149  149  149  149  149  149  149  149  149  149  149
  147  147  147  147  147  147  147  147  147  147  147  147  147  147  147  147  147  147  147  147  147  147  147
  139  139  139  139  139  139  139  139  139  139  141  141  141  141  141  141  141  141  141  141  141  141  141
  131  131  131  131  131  131  131  131  131  131  133  133  133  133  133  133  133  133  133  133  133  133  133
  120  120  120  120  120  120  121  121  121  121  120  120  120  120  120  121  121  121  122  122  122  122  123
  106  106  109  109  108  108  108  108  108  108  106  106  106  105  105  105  105  105  108  108  108  108  108
   88   88   90   90   89   89   88   88   87   87   94   93   93   92   92   91   90   90   93   93   92   92   91
  112  111  111  111  110  109  108  107  106  106  103  102  102  101  100   99   98   97   97   97   96   95   94
   90   89   89   89   88   87   86   85   84   84   81   80   80   79   78   77   76   76   75   75   74   73   72
   26   28   28   30   27   29   26   27   25   27   31   33   31   32   29   31   28   30   29   31   29   30   27
   16   18   18   20   18   20   17   19   17   19   15   17   15   17   15   16   14   16   16   18   16   17   15
   14   15   15   15   15   15   15   16   16   16   14   15   15   15   15   15   15   16   15   15   15   15   15
   15   15   15   15   15   15   15   15   15   15   15   15   15   15   15   15   15   15   15   15   15   15   15
   17   17   17   17   17   17   17   17   17   17   17   17   17   17   17   17   17   17   17   17   17   17   17

  Columns 70 through 92

   89   89   89   87   87   87   87   87   87   87   85   85   81   77   76   72   74   74   77   78   84   83   77
   86   86   86   85   85   85   85   85   85   85   85   84   82   78   75   73   73   75   78   77   84   86   79
   74   74   74   75   75   75   75   75   75   75   78   84   84   80   78   76   76   78   80   82   88   90   86
   69   69   69   71   71   71   71   71   71   71   74   84   86   83   81   77   79   81   83   86   87   85   81
   75   74   74   74   74   74   74   74   74   74   78   86   88   84   82   79   81   82   86  104   99   93   91
  115  115  114  111  111  111  111  111  111  111  115  116  116  113  111  107  109  111  114  109  106  105  110
  137  136  136  135  135  135  135  135  135  135  135  129  128  124  122  119  121  122  126  134  137  142  144
  217  215  216  218  220  218  220  218  220  218  217  213  209  206  204  202  202  206  209  206  214  217  207
  128  126  128  125  126  123  123  118  118  114  111  103   96   89   86   86   92  103  110  151  180  231  213
   48   48   48   54   54   53   52   51   50   49   47   50   47   43   40   39   43   48   53   67   96  165  209
   41   41   41   37   37   38   38   38   39   39   41   38   41   39   37   35   36   36   38   37   46  100  196
   28   26   28   27   29   27   30   28   31   29   34   43   45   43   42   41   40   42   43   57   50   72  187
   38   36   38   38   40   38   40   38   39   37   41   42   44   40   38   38   38   43   48   51   53   65  185
   45   45   45   44   44   43   42   42   41   41   41   52   51   46   45   45   48   52   58   52   62   64  175
   57   57   57   65   64   64   64   64   63   63   63   54   52   49   47   47   50   52   58   68   75   71  167
   72   72   72   71   71   71   71   72   72   72   70   66   64   60   59   58   57   60   63   67   74   77  174
   78   78   78   79   79   79   79   79   79   79   79   80   79   73   70   68   68   73   79   84   94   85  176
   84   84   84   85   85   85   85   85   85   85   87   89   87   82   78   73   74   80   87   91  100   93  174
   89   89   89   90   90   90   90   90   90   90   92   94   93   87   84   78   80   86   93   98  104  101  172
   96   94   96   94   96   94   96   94   96   94   98   99   97   92   89   85   87   90   97  105  106  111  167
  101   99  101   99  101   99  101   99  101   99  102  105  105  100   94   93   94   98  105  108  111  124  165
  105  105  105  104  104  104  104  104  104  104  106  112  112  106  103   99  101  106  112  115  118  140  166
  110  110  110  109  109  109  109  109  109  109  113  119  119  114  110  107  108  114  119  123  127  158  170
  116  116  116  115  115  115  115  115  115  115  118  126  126  120  119  115  117  122  127  134  137  170  173
  122  122  122  121  121  121  121  121  121  121  125  127  130  126  123  122  124  127  131  139  166  172  170
  125  125  125  126  126  126  126  126  126  126  129  137  137  130  127  126  129  134  140  160  179  177  171
  132  132  132  133  133  133  133  133  133  133  135  143  143  135  131  131  137  146  155  174  186  176  166
  139  139  139  137  137  137  137  137  137  137  140  147  146  139  139  142  150  162  169  175  181  168  159
  144  144  144  143  143  143  143  143  143  143  145  151  152  149  151  153  159  168  174  171  177  163  158
  148  148  148  149  149  149  149  149  149  149  150  158  159  158  158  157  160  165  169  172  179  164  158
  153  153  153  154  154  154  154  154  154  154  156  162  163  161  159  159  159  162  166  171  177  162  153
  159  159  159  158  158  158  158  158  158  158  160  160  161  157  156  155  157  161  164  163  167  152  146
  153  153  153  153  153  153  153  153  153  153  153  155  155  153  151  150  151  153  155  156  152  151  138
  152  152  152  152  152  152  152  152  152  152  152  152  152  150  150  150  150  152  152  153  147  145  134
  151  151  151  151  151  151  151  151  151  151  151  151  150  150  150  150  151  153  153  154  146  144  130
  151  151  151  151  151  151  151  151  151  151  151  149  149  149  149  151  153  155  155  156  146  141  130
  149  149  149  149  149  149  149  149  149  149  149  147  147  149  151  152  154  158  158  158  146  139  128
  147  147  147  147  147  147  147  147  147  147  147  145  145  145  148  150  154  155  157  157  145  135  124
  141  141  141  141  141  141  141  141  141  141  141  139  141  141  143  146  150  153  153  153  140  130  119
  133  133  133  133  133  133  133  133  133  133  133  131  131  133  135  139  142  146  146  147  133  124  111
  123  123  123  123  123  123  123  123  123  123  123  120  120  122  124  126  129  133  133  135  129  113   98
  108  107  107  109  109  109  109  109  109  109  109  108  108  108  110  112  114  117  117  119  117  106   93
   90   90   89   90   90   90   90   90   90   90   90   89   89   89   89   89   91   93   94   98   96   89   78
   93   93   92   90   90   90   90   90   90   90   90   91   91   89   89   87   87   89   91   94   93   89   83
   71   70   70   68   68   68   68   68   68   68   69   70   70   68   65   63   61   63   65   67   70   68   66
   29   26   28   27   29   27   29   27   29   27   31   33   33   28   25   21   19   19   23   27   31   34   35
   17   15   17   16   18   16   18   16   18   16   20   23   23   17   12    8    7    7   10   16   21   25   28
   16   16   16   15   15   15   15   15   15   15   16   19   19   14   10    7    5    5    8   14   15   19   21
   15   15   15   15   15   15   15   15   15   15   15   17   17   15   13   13   12   12   13   15   15   17   17
   17   17   17   17   17   17   17   17   17   17   17   17   17   17   17   17   17   17   17   17   17   17   17

  Columns 93 through 100

   71   74   68   67   77   82   82   82
   69   68   63   65   77   82   82   82
   76   75   70   72   76   80   80   80
   76   71   66   65   75   79   79   79
   90   85   75   69   75   77   77   77
  111  104   92   83   76   76   76   76
  131  108   86   77   74   74   74   74
  171  126   93   79   76   74   74   74
  177  100  112   78   73   71   71   71
  191  108  104   75   75   71   71   71
  187  109   98   85   73   69   69   69
  176  109   95   86   72   68   68   68
  174  115   95   70   70   66   66   66
  167  112  101   65   69   65   65   65
  158   98  102   69   67   63   63   63
  168   92   99   62   65   63   63   63
  159  100   86   65   60   60   60   60
  159   99   82   59   60   60   60   60
  158   98   79   55   58   58   58   58
  156   98   79   54   57   57   57   57
  154   98   79   56   55   55   55   55
  154   95   79   57   54   54   54   54
  153   91   75   58   52   52   52   52
  153   90   74   57   52   52   52   52
  139   96   76   57   49   49   49   49
  139   96   74   53   49   49   49   49
  136   96   74   50   47   47   47   47
  135   96   74   50   46   46   46   46
  135  100   73   47   44   44   44   44
  136   98   72   45   43   43   43   43
  131   94   70   46   41   41   41   41
  122   91   71   49   43   41   41   41
  115   96   74   46   41   39   39   39
  110   94   73   46   43   39   39   39
  109   92   71   42   39   37   37   37
  106   89   68   39   38   36   36   36
  104   88   65   38   36   34   34   34
  102   85   62   35   33   33   33   33
   96   81   58   31   31   31   31   31
   92   77   57   29   31   31   31   31
   87   78   52   23   28   28   28   28
   85   79   54   28   28   28   28   28
   73   65   45   22   26   26   26   26
   75   67   48   30   25   25   25   25
   60   54   38   27   23   23   23   23
   33   28   20   15   22   22   22   22
   28   26   22   23   20   20   20   20
   20   18   16   19   20   20   20   20
   17   17   17   17   17   17   17   17
   17   17   17   17   17   17   17   17

