
rectdc(:,:,1) =

  Columns 1 through 23

  172  174  174  172  170  172  174  173  174  174  175  175  177  177  178  175  168  165  165  165  165  165  165
  180  179  178  177  178  177  175  172  174  174  176  176  177  177  179  176  173  170  170  170  170  170  170
  173  171  169  171  172  171  169  167  172  172  173  173  174  174  174  176  176  177  177  177  177  177  177
  179  177  178  179  178  175  174  176  171  171  171  171  172  172  172  175  178  179  181  179  181  179  181
  179  180  181  180  169  159  158  164  164  164  164  164  165  165  165  166  171  172  173  172  173  172  173
  177  174  176  174  156  133  123  123  114  114  114  114  114  116  116  116  119  120  120  120  120  120  120
  188  182  183  182  164  133  104   95  104  102  102  102  102  104  104  102  101   99   99   99   99   99   99
  182  173  174  178  164  126   88   67   48   46   45   45   46   48   48   46   42   41   41   41   41   41   41
  183  186  180  178  166  115  105   53   45   58   68  109  140  134  140  144  140  137  137  137  137  137  137
  184  186  181  179  167  115  104   53   67  151  199  208  202  202  215  210  208  207  208  207  208  207  208
  186  189  183  181  168  115  105   55  106  191  227  212  201  210  223  206  216  216  218  216  218  216  218
  188  190  184  183  169  114  106   59  172  209  210  207  211  215  223  215  225  227  227  227  227  227  227
  192  191  186  186  172  114  107   65  164  192  198  207  210  201  209  216  216  219  219  219  219  219  219
  193  192  187  189  173  116  110   71  172  204  206  207  210  207  217  214  218  220  220  220  220  220  220
  196  195  188  190  174  116  111   74  175  197  188  187  195  199  206  195  200  199  199  199  199  199  199
  195  193  188  191  175  116  112   76  159  182  187  201  205  191  200  205  198  196  196  196  196  196  196
  193  193  197  190  176  121  109   89  157  174  180  179  186  190  190  192  188  186  186  186  186  186  186
  192  192  196  191  179  123  110   89  154  170  175  171  179  183  186  188  182  179  181  179  181  179  181
  193  193  197  192  178  121  110   91  150  167  173  167  173  177  179  182  176  173  174  173  174  173  174
  195  194  198  194  179  121  111   95  143  162  169  163  167  171  174  178  170  168  169  168  169  168  169
  198  195  199  197  181  121  110   99  133  154  162  157  161  166  168  173  166  163  165  163  165  163  165
  199  196  200  199  182  120  111  101  120  144  154  151  157  160  162  167  161  160  160  160  160  160  160
  201  197  201  201  182  120  111  103  105  131  146  145  151  153  155  161  155  154  154  154  154  154  154
  201  197  201  201  183  118  110  103   96  121  138  139  145  148  149  154  151  149  149  149  149  149  149
  206  204  203  202  186  116  108  113  101  106  117  130  140  143  143  140  146  146  145  145  145  145  145
  207  205  205  202  187  116  107  114  100  100  107  118  128  135  142  144  138  139  139  139  140  140  141
  210  205  206  204  188  115  107  116  104  100   99  104  114  125  135  140  136  136  136  136  136  136  136
  212  206  208  206  189  115  108  118  113  104  100   99  103  112  123  128  136  136  137  134  135  132  133
  213  207  209  209  189  113  108  122  117  108  101   99  100  106  113  117  129  129  131  130  131  130  132
  215  207  210  211  191  113  109  124  116  109  104  102  105  108  111  115  118  119  121  123  126  127  130
  216  208  211  212  192  113  109  127  118  111  107  107  108  111  113  114  115  115  119  118  122  122  125
  218  210  211  213  192  113  110  129  123  116  111  110  110  112  114  116  120  120  120  119  119  118  119
  219  219  214  211  193  114  111  136  128  121  118  117  118  121  125  125  124  122  124  122  124  122  124
  221  221  218  213  195  116  113  139  131  124  121  120  123  124  128  128  125  124  124  124  124  124  124
  223  223  220  216  197  117  115  143  134  127  122  121  124  127  129  129  128  127  127  127  127  127  127
  225  223  221  218  198  116  115  146  136  129  125  124  125  128  131  131  129  128  129  128  129  128  129
  224  222  219  218  198  115  115  150  140  133  128  126  128  129  132  133  132  130  132  130  132  130  132
  225  222  220  220  199  115  116  154  144  137  132  129  130  132  134  136  134  134  134  134  134  134  134
  227  224  222  223  202  116  119  159  150  143  137  134  134  136  138  140  140  140  140  140  140  140  140
  229  224  223  225  204  118  123  166  156  149  144  141  141  142  145  147  147  147  147  147  147  147  147
  227  220  225  221  219  116  127  178  166  159  153  149  151  152  153  155  156  155  155  155  155  155  154
  232  227  230  221  214  116  131  181  172  165  161  159  161  162  165  165  162  162  162  162  162  162  162
  224  225  235  230  221  132  145  185  181  175  171  171  173  176  180  180  177  177  178  179  179  180  180
  227  229  234  227  207  124  117  129  123  117  115  116  119  123  125  126  128  127  128  129  130  131  132
  229  230  230  231  218  161  150  145  136  134  132  133  137  140  143  146  145  146  147  148  149  150  150
  229  230  227  240  243  227  232  223  220  217  217  218  222  226  229  230  226  225  225  226  227  227  228
  237  238  230  236  235  234  244  230  229  228  226  228  231  236  239  240  235  234  234  235  235  235  235
  231  237  233  239  231  235  247  229  233  232  232  232  233  236  239  239  241  239  239  238  238  238  238
  236  236  237  237  237  237  237  236  236  236  236  236  236  237  239  239  237  237  237  237  237  237  237
  236  236  236  236  236  236  236  236  236  236  236  236  236  236  236  236  236  236  236  236  236  236  236

  Columns 24 through 46

  165  165  165  165  165  165  165  165  165  165  165  165  165  165  165  165  165  165  165  165  165  165  165
  170  170  170  170  170  170  170  170  170  170  170  170  170  170  170  170  170  168  168  168  168  168  168
  177  177  177  177  177  177  177  177  177  177  177  177  177  177  177  177  177  177  177  177  177  177  177
  179  181  179  181  179  181  179  181  179  181  179  181  179  181  179  181  179  181  179  181  179  181  179
  172  173  172  173  172  173  172  173  172  173  172  173  172  173  172  173  172  172  171  172  171  172  171
  120  120  120  120  120  120  120  120  120  120  120  120  120  120  120  120  120  124  124  124  124  124  124
   99   99   99   99   99   99   99   99   99   99   99   99   99   99   99   99   99  106  106  106  106  106  106
   41   41   41   41   41   41   41   41   41   41   41   41   41   41   41   41   41   41   41   41   41   41   41
  137  130  130  130  130  130  130  130  130  130  130  130  130  130  130  130  130  130  130  130  130  130  130
  207  211  210  211  210  211  210  211  210  211  210  211  210  211  210  211  210  211  210  211  210  211  210
  216  215  213  215  213  215  213  215  213  215  213  215  213  215  213  215  213  215  213  215  213  215  213
  227  228  228  228  228  228  228  228  228  228  228  228  228  228  228  228  228  228  228  228  228  228  228
  219  219  219  219  219  219  219  219  219  219  219  219  219  219  219  219  219  219  219  219  219  219  219
  220  215  215  215  215  215  215  215  215  215  215  215  215  215  215  215  215  215  215  215  215  215  215
  199  204  204  204  204  204  204  204  204  204  204  204  204  204  204  204  204  204  204  204  204  204  204
  196  193  193  193  193  193  193  193  193  193  193  193  193  193  193  193  193  193  193  193  193  193  193
  186  184  184  184  184  184  184  184  184  186  186  186  186  186  186  186  186  186  186  186  186  186  186
  179  181  179  181  179  181  179  181  179  181  179  181  179  181  179  181  179  181  179  181  179  181  179
  173  175  174  175  174  175  174  175  174  174  173  174  173  174  173  174  173  174  173  174  173  174  173
  168  170  169  170  169  170  169  170  169  169  168  169  168  169  168  169  168  169  168  169  168  169  168
  163  167  165  167  165  167  165  167  165  165  163  165  163  165  163  165  163  165  163  165  163  165  163
  160  160  160  160  160  160  160  160  160  160  160  160  160  160  160  160  160  160  160  160  160  160  160
  154  153  153  153  153  153  153  153  153  154  154  154  154  154  154  154  154  154  154  154  154  154  154
  149  148  148  148  148  148  148  148  148  149  149  149  149  149  149  149  149  149  149  149  149  149  149
  145  144  144  144  144  144  144  144  144  144  144  144  144  144  144  144  144  144  144  144  144  144  144
  141  141  141  141  141  141  141  141  141  141  141  141  141  141  141  141  141  141  141  141  141  141  141
  136  136  136  136  136  136  136  136  136  136  136  136  136  136  136  136  136  136  136  136  136  136  136
  131  132  130  132  130  132  130  132  130  132  130  132  130  132  130  132  130  132  130  132  130  132  130
  131  130  129  130  129  130  129  130  129  130  129  130  129  130  129  130  129  130  129  130  129  130  129
  130  130  129  130  129  130  129  130  129  130  129  130  129  130  129  130  129  130  129  130  129  130  129
  124  127  125  127  125  127  125  127  125  127  125  127  125  127  125  127  125  127  125  127  125  127  125
  117  121  120  121  120  121  120  121  120  121  120  121  120  121  120  121  120  121  120  121  120  121  120
  122  124  122  124  122  124  122  124  122  124  122  124  122  124  122  124  122  125  123  125  123  125  123
  124  124  124  124  124  124  124  124  124  124  124  124  124  124  124  124  124  124  124  124  124  124  124
  127  127  127  127  127  127  127  127  127  127  127  127  127  127  127  127  127  127  127  127  127  127  127
  128  129  128  129  128  129  128  129  128  129  128  129  128  129  128  129  128  128  127  128  127  128  127
  130  132  130  132  130  132  130  132  130  132  130  132  130  132  130  132  130  131  129  131  129  131  129
  134  134  134  134  134  134  134  134  134  134  134  134  134  134  134  134  134  133  133  133  133  133  133
  140  140  140  140  140  140  140  140  140  140  140  140  140  140  140  140  140  141  141  141  141  141  141
  147  147  147  147  147  147  147  147  147  147  147  147  147  147  147  147  147  148  148  148  148  148  148
  154  155  155  154  154  154  154  154  154  157  156  156  156  156  156  155  155  157  157  157  157  157  156
  163  166  166  166  166  166  166  166  167  165  165  165  165  165  166  166  166  165  165  165  165  165  166
  181  175  175  176  176  177  178  178  178  177  177  177  178  179  179  180  180  178  179  179  180  181  181
  132  134  135  135  136  137  138  139  139  142  142  143  144  145  146  147  147  147  148  149  150  151  152
  151  153  153  154  155  156  157  157  158  160  160  161  162  163  164  165  165  165  166  167  168  169  170
  228  222  223  223  224  224  225  226  226  223  223  224  224  225  226  226  226  225  225  226  226  227  227
  235  238  238  238  239  239  239  239  239  236  236  236  236  236  236  236  236  236  236  236  236  236  236
  238  238  238  238  238  237  237  237  237  238  238  238  237  237  237  237  237  239  239  238  238  238  238
  237  237  237  237  237  237  237  237  237  237  237  237  237  237  237  237  237  237  237  237  237  237  237
  236  236  236  236  236  236  236  236  236  236  236  236  236  236  236  236  236  236  236  236  236  236  236

  Columns 47 through 69

  165  165  166  166  166  166  166  166  166  166  165  165  165  165  165  165  165  165  169  169  169  169  169
  168  168  169  169  169  169  169  169  169  169  170  170  170  170  170  170  170  172  171  171  171  171  171
  177  177  176  176  176  176  176  176  176  176  178  178  178  178  178  178  178  178  180  180  180  180  180
  181  179  180  178  180  178  180  178  180  178  179  177  179  177  179  177  179  179  182  182  183  182  184
  172  171  173  172  173  172  173  172  173  172  173  172  173  172  173  172  173  173  173  174  176  174  177
  124  124  129  129  129  129  129  129  129  129  132  132  132  132  132  132  132  132  133  133  135  134  136
  106  106  109  109  109  109  109  109  109  109  112  112  112  112  112  112  112  112  114  114  117  115  118
   41   41   40   40   40   40   40   40   40   40   41   41   41   41   41   41   41   41   37   35   38   37   40
  130  130  130  130  130  130  130  130  130  130  128  128  128  128  128  128  128  128  130  129  130  129  130
  211  210  211  210  211  210  211  210  211  210  213  212  213  212  213  212  213  212  210  208  210  208  210
  215  213  215  213  215  213  215  213  215  213  215  213  215  213  215  213  215  213  213  212  213  212  213
  228  228  228  228  228  228  228  228  228  228  226  226  226  226  226  226  226  226  227  227  227  227  227
  219  219  219  219  219  219  219  219  219  219  221  221  221  221  221  221  221  221  218  218  218  218  218
  215  215  215  215  215  215  215  215  215  215  216  216  216  216  216  216  216  214  213  212  213  212  213
  204  204  204  204  204  204  204  204  204  204  201  201  201  201  201  201  201  201  202  201  202  201  202
  193  193  193  193  193  193  193  193  193  193  194  194  194  194  194  194  194  194  191  191  191  191  191
  186  186  186  186  186  186  186  186  186  186  186  186  186  186  186  186  186  186  185  185  185  185  185
  181  179  181  179  181  179  181  179  181  179  181  179  181  179  181  179  181  179  181  179  181  179  181
  174  173  174  173  174  173  174  173  174  173  174  173  174  173  174  173  174  173  174  173  174  173  174
  169  168  169  168  169  168  169  168  169  168  169  168  169  168  169  168  169  168  168  167  168  167  168
  165  163  165  163  165  163  165  163  165  163  165  163  165  163  165  163  165  163  164  162  164  162  164
  160  160  160  160  160  160  160  160  160  160  160  160  160  160  160  160  160  160  158  158  158  158  158
  154  154  154  154  154  154  154  154  154  154  154  154  154  154  154  154  154  154  152  152  152  152  152
  149  149  149  149  149  149  149  149  149  149  149  149  149  149  149  149  149  149  147  147  147  147  147
  144  144  143  143  143  143  143  143  143  143  145  145  145  145  145  145  145  145  143  143  143  143  143
  141  141  141  141  141  141  141  141  141  141  141  141  141  141  141  141  141  141  141  141  141  141  141
  136  136  137  137  137  137  137  137  137  137  136  136  136  136  136  136  136  136  136  136  136  136  136
  132  130  133  131  133  131  133  131  133  131  135  133  135  133  135  133  135  133  132  130  132  130  132
  130  129  131  130  131  130  131  130  131  130  132  131  132  131  132  131  132  131  130  129  130  129  130
  130  129  130  129  130  129  130  129  130  129  129  128  129  128  129  128  129  128  129  128  129  128  129
  127  125  126  124  126  124  126  124  126  124  124  122  124  122  124  122  124  122  124  122  124  122  124
  121  120  120  119  120  119  120  119  120  119  120  119  120  119  120  119  120  119  118  117  118  117  118
  125  123  125  123  125  123  125  123  125  123  123  121  123  121  123  121  123  121  123  121  123  121  123
  124  124  124  124  124  124  124  124  124  124  123  123  123  123  123  123  123  123  123  123  123  123  123
  127  127  127  127  127  127  127  127  127  127  126  126  126  126  126  126  126  126  126  126  126  126  126
  128  127  128  127  128  127  128  127  128  127  128  127  128  127  128  127  128  127  128  127  128  127  128
  131  129  131  129  131  129  131  129  131  129  131  129  131  129  131  129  131  129  131  129  131  129  131
  133  133  133  133  133  133  133  133  133  133  133  133  133  133  133  133  133  133  133  133  133  133  133
  141  141  141  141  141  141  141  141  141  141  139  139  139  139  139  139  139  139  139  139  139  139  139
  148  148  148  148  148  148  148  148  148  148  146  146  146  146  146  146  146  146  146  146  146  146  146
  156  156  156  156  156  156  155  155  155  155  156  156  156  156  156  155  155  155  154  154  154  154  153
  166  166  163  163  164  164  164  164  164  164  166  166  166  167  167  167  167  167  164  164  164  164  164
  182  182  180  180  181  181  182  182  183  183  176  177  177  178  178  179  180  180  177  177  178  178  179
  152  153  153  153  154  155  156  157  158  158  161  162  162  163  164  165  166  167  167  167  168  169  170
  170  171  171  171  172  173  174  175  176  176  179  180  180  181  182  183  184  184  185  185  186  187  188
  228  228  226  226  227  227  228  229  229  229  223  223  223  224  225  225  226  226  225  225  225  226  227
  236  236  234  234  234  234  235  235  235  235  237  237  237  237  237  238  238  238  236  236  236  237  237
  238  237  237  237  237  237  237  236  236  236  238  237  237  237  237  237  237  236  237  237  237  237  237
  237  237  237  237  237  237  237  237  237  237  237  237  237  237  237  237  237  237  237  237  237  237  237
  236  236  236  236  236  236  236  236  236  236  236  236  236  236  236  236  236  236  236  236  236  236  236

  Columns 70 through 92

  168  168  168  170  170  170  170  170  170  170  167  162  161  164  165  168  166  166  164  163  158  159  164
  171  171  171  172  172  172  172  172  172  172  169  166  165  169  170  172  172  170  169  169  163  161  168
  180  180  180  179  179  179  179  179  179  179  177  173  172  176  177  179  179  177  176  175  169  167  171
  183  184  183  182  181  182  181  182  181  182  179  175  175  178  180  182  181  181  178  175  175  177  180
  175  178  176  178  176  178  176  178  176  178  176  175  175  177  179  182  180  180  177  160  165  170  172
  136  137  137  141  140  141  140  141  140  141  140  143  143  145  147  150  148  147  145  152  154  155  149
  117  120  118  121  119  121  119  121  119  121  119  123  125  126  128  130  129  128  125  119  117  112  109
   39   41   40   38   36   38   36   38   36   38   38   38   38   41   42   43   43   42   39   43   37   34   43
  129  130  129  131  131  133  134  138  139  142  143  148  153  160  162  161  154  146  139   99   70   19   38
  208  210  208  204  202  205  204  207  206  209  209  204  206  210  212  213  209  205  200  189  160   90   45
  212  213  212  217  216  216  215  216  214  215  215  221  222  224  225  225  226  227  223  228  219  163   69
  227  227  227  226  226  226  225  225  224  224  223  222  221  223  224  226  226  225  224  213  220  197   83
  218  218  218  216  216  216  216  216  217  217  217  223  224  227  227  228  227  223  220  217  215  205   85
  212  213  212  214  213  215  215  216  216  217  217  210  212  216  216  218  214  209  206  211  203  202   91
  201  202  201  194  194  195  194  195  195  196  195  201  201  204  205  207  204  200  196  187  181  186   91
  191  191  191  192  192  192  192  191  191  191  190  188  189  192  192  193  193  192  188  188  181  177   80
  185  185  185  184  184  184  184  184  184  184  182  180  180  184  187  188  187  184  179  175  165  174   83
  179  181  179  180  178  180  178  180  178  180  178  176  176  180  183  185  184  180  174  170  162  169   85
  173  174  173  173  172  173  172  173  172  173  172  170  172  176  179  180  179  174  169  163  158  161   89
  167  168  167  168  167  168  167  168  167  168  167  166  167  171  174  176  174  170  164  159  156  151   92
  162  164  162  164  162  164  162  164  162  164  162  160  160  165  167  169  167  163  159  155  154  139   96
  158  158  158  159  159  159  159  159  159  159  157  155  155  159  162  163  162  159  153  150  146  123   96
  152  152  152  153  153  153  153  153  153  153  152  148  148  152  155  156  155  152  146  142  138  107   93
  147  147  147  148  148  148  148  148  148  148  147  142  142  146  149  150  149  145  141  134  130   96   91
  143  143  143  144  144  144  144  144  144  144  142  141  140  143  145  146  144  141  136  129  103   95   95
  141  141  141  140  140  140  140  140  140  140  139  132  133  140  142  143  140  135  130  111   91   90   95
  136  136  136  135  135  135  135  135  135  135  134  127  129  136  139  139  133  123  116   98   86   93  101
  130  132  130  134  132  134  132  134  132  134  131  127  128  132  131  129  120  110  103   99   91  102  108
  129  130  129  131  130  131  130  131  130  131  129  125  124  125  122  119  113  104  100  101   95  107  110
  128  129  128  128  127  128  127  128  127  128  125  118  116  117  116  115  112  108  105  101   94  106  111
  122  124  122  123  121  123  121  123  121  123  120  115  113  115  115  115  115  112  108  103   98  110  116
  117  118  117  119  118  119  118  119  118  119  118  117  116  119  118  118  115  111  108  110  105  119  125
  121  123  121  123  121  123  121  123  121  123  123  123  124  124  123  123  120  117  116  115  120  121  132
  123  123  123  123  123  123  123  123  123  123  124  126  127  126  126  124  122  120  119  119  124  127  138
  126  126  126  126  126  126  126  126  126  126  126  127  128  128  127  126  124  123  121  122  129  131  142
  127  128  127  128  127  128  127  128  127  128  128  128  130  130  130  128  127  125  125  126  133  135  143
  129  131  129  131  129  131  129  131  129  131  129  129  131  131  131  131  129  129  128  127  137  138  146
  133  133  133  133  133  133  133  133  133  133  133  132  132  135  135  135  133  133  133  133  141  144  150
  139  139  139  139  139  139  139  139  139  139  137  136  136  139  139  140  140  140  139  138  147  151  155
  146  146  146  146  146  146  146  146  146  146  144  143  143  144  146  148  148  147  147  145  154  157  160
  153  153  153  153  153  153  153  153  153  153  153  151  151  154  155  158  158  157  157  155  156  164  173
  164  165  165  163  163  163  163  163  163  163  161  161  161  164  167  168  168  168  167  165  165  170  175
  180  180  181  180  180  180  180  180  180  180  178  178  178  179  182  183  183  183  182  180  179  181  187
  171  171  172  174  174  174  174  174  174  174  173  172  172  175  176  179  179  179  178  175  174  176  180
  189  190  190  192  192  192  192  192  192  192  190  190  190  193  194  197  197  196  194  192  190  190  192
  227  228  228  227  227  227  227  227  227  227  225  225  225  228  231  233  233  232  229  225  223  222  222
  237  237  237  236  236  236  236  236  236  236  234  234  234  237  238  241  241  240  237  231  229  228  226
  236  236  236  237  237  237  237  237  237  237  236  235  235  238  240  241  241  240  238  233  234  233  233
  237  237  237  237  237  237  237  237  237  237  237  236  236  237  237  239  239  237  237  236  236  236  236
  236  236  236  236  236  236  236  236  236  236  236  236  236  236  236  236  236  236  236  236  236  236  236

  Columns 93 through 100

  169  166  170  174  172  171  171  171
  176  177  179  181  174  171  171  171
  177  179  182  180  177  173  173  173
  185  188  192  192  178  174  174  174
  173  177  185  189  179  176  176  176
  147  155  166  172  178  177  177  177
  120  142  162  172  178  179  179  179
   76  120  152  168  175  179  179  179
   70  149  133  171  178  182  182  182
   63  144  148  176  179  182  182  182
   77  154  164  175  183  184  184  184
   92  158  171  177  185  185  185  185
   94  151  171  192  187  187  187  187
   96  150  160  194  187  188  188  188
   96  156  150  185  187  190  190  190
   86  161  151  188  187  190  190  190
   98  154  166  186  192  193  193  193
  100  157  170  193  193  193  193  193
  101  157  173  197  195  195  195  195
  102  157  173  198  196  196  196  196
  105  159  175  197  198  198  198  198
  105  162  177  196  199  199  199  199
  108  167  181  197  201  201  201  201
  109  169  182  198  201  201  201  201
  122  163  180  198  204  204  204  204
  124  165  182  202  204  204  204  204
  128  165  184  205  206  206  206  206
  131  165  184  207  207  207  207  207
  130  163  185  210  209  209  209  209
  131  165  186  212  210  210  210  210
  136  168  188  211  212  212  212  212
  145  174  190  209  212  212  212  212
  156  173  195  217  215  214  214  214
  160  176  196  219  215  214  214  214
  162  177  197  219  216  216  216  216
  162  175  195  219  217  217  217  217
  163  175  193  218  219  219  219  219
  163  174  192  217  219  220  220  220
  167  175  192  218  221  222  222  222
  169  177  192  218  221  222  222  222
  174  176  196  222  224  225  225  225
  175  175  195  219  224  225  225  225
  186  189  205  226  226  227  227  227
  181  187  203  220  228  228  228  228
  196  202  215  225  230  230  230  230
  223  228  236  239  232  231  231  231
  229  232  235  234  234  233  233  233
  235  238  241  238  234  233  233  233
  236  236  237  237  236  236  236  236
  236  236  236  236  236  236  236  236


rectdc(:,:,2) =

  Columns 1 through 23

  165  167  167  165  165  167  169  168  169  169  168  168  167  167  166  168  173  175  175  175  175  175  175
  173  172  171  172  173  175  173  170  172  172  171  171  170  170  169  171  173  175  175  175  175  175  175
  166  164  164  166  170  171  169  167  174  174  173  173  172  172  172  171  171  170  170  170  170  170  170
  172  172  173  177  178  177  179  183  178  178  178  178  177  177  177  175  173  171  171  171  171  171  171
  174  175  179  180  174  166  168  176  178  178  178  178  177  177  177  176  173  171  171  171  171  171  171
  172  172  176  176  163  145  137  142  137  137  137  137  137  135  135  135  133  132  132  132  132  132  132
  183  180  183  187  174  147  127  120  131  132  132  132  132  131  131  131  132  133  133  133  133  133  133
  177  171  174  185  176  145  113   97   80   81   82   82   81   80   80   81   83   85   84   85   84   85   84
  178  184  182  185  180  138  132   85   82   97  107  148  177  171  175  181  182  184  183  184  183  184  183
  179  184  183  186  181  138  134   88  106  193  241  247  241  239  250  245  245  246  245  246  245  246  245
  179  184  183  188  182  138  135   92  145  233  253  251  238  245  253  235  239  238  237  238  237  238  237
  181  185  184  190  183  137  136   96  211  248  249  244  246  245  250  238  239  238  237  238  237  238  237
  182  184  184  191  184  137  137  100  201  231  235  242  240  226  232  233  227  225  224  225  224  225  224
  183  185  185  194  185  135  137  103  209  241  241  237  235  230  234  228  229  228  228  228  228  228  228
  184  185  186  195  186  135  138  106  210  232  220  214  218  216  218  209  218  219  219  219  219  219  219
  185  186  186  195  187  135  139  108  195  219  222  232  229  210  213  220  222  224  224  224  224  224  224
  192  193  196  193  185  138  135  123  198  219  224  218  217  215  210  212  216  217  217  217  217  217  217
  196  195  197  194  184  137  136  127  199  221  224  217  216  213  209  211  213  214  213  214  213  214  213
  197  196  198  195  186  137  138  130  197  218  223  213  212  209  205  208  209  210  210  210  210  210  210
  199  197  199  197  187  137  139  135  193  215  221  212  209  207  203  208  206  207  206  207  206  207  206
  200  196  200  200  189  138  141  141  185  210  219  211  207  206  203  206  204  205  204  205  204  205  204
  201  197  201  202  190  138  142  146  174  203  214  210  208  205  202  207  204  204  204  204  204  204  204
  203  198  202  204  192  139  144  149  162  195  210  208  207  205  202  206  203  203  203  203  203  203  203
  203  198  202  204  193  139  146  153  155  190  207  207  208  205  203  206  203  203  203  203  203  203  203
  206  205  204  205  196  138  145  163  165  177  191  203  208  207  202  197  204  203  202  202  202  202  202
  207  204  204  205  197  138  145  166  167  176  186  196  203  207  208  207  201  201  201  201  202  202  203
  207  204  205  207  198  139  147  170  174  178  183  187  194  201  207  210  205  204  204  204  204  204  204
  209  205  205  209  199  139  149  175  185  187  186  186  188  194  200  203  210  209  207  207  205  205  203
  210  206  206  212  201  139  151  181  192  194  193  192  190  193  195  196  206  205  205  206  205  206  206
  212  206  207  214  203  139  153  186  193  197  198  198  198  197  198  198  197  197  198  201  203  205  207
  213  207  208  215  204  139  154  189  197  201  204  205  204  203  202  201  197  196  198  199  201  203  204
  212  206  208  216  205  139  153  191  202  206  208  208  206  204  203  200  204  203  202  202  201  201  201
  209  212  212  213  205  141  154  197  204  209  211  212  211  209  207  207  207  208  207  208  207  208  207
  211  214  213  215  208  141  156  199  206  212  214  215  214  212  210  209  211  212  212  212  212  212  212
  213  216  215  218  210  143  158  204  211  217  220  221  220  218  215  215  216  217  217  217  217  217  217
  215  216  216  220  211  143  160  208  216  222  225  226  225  224  222  221  222  223  223  223  223  223  223
  217  217  217  223  213  142  160  212  220  226  230  232  230  229  227  227  228  228  228  228  228  228  228
  218  217  218  225  214  142  161  216  224  230  234  236  235  234  232  231  232  233  233  233  233  233  233
  222  219  220  228  215  143  162  219  227  232  237  239  239  238  236  235  236  236  236  236  236  236  236
  224  222  223  230  217  143  162  221  229  234  239  241  241  240  238  237  237  238  238  238  238  238  238
  225  218  225  223  230  136  162  228  230  236  240  241  240  239  238  237  239  238  238  238  238  238  237
  230  225  230  223  222  131  158  221  227  232  235  239  237  237  235  235  232  232  232  232  232  232  232
  224  225  233  230  223  143  165  215  225  230  233  235  235  233  232  232  230  230  231  232  232  233  233
  227  229  232  225  207  129  130  152  155  159  162  163  163  162  161  162  164  165  166  167  168  169  170
  231  230  228  226  213  159  155  158  159  161  164  165  164  163  160  161  165  166  167  168  169  170  170
  231  230  225  234  236  220  230  228  232  234  236  236  235  233  231  230  231  233  232  234  234  235  235
  240  239  226  229  225  224  237  228  234  235  236  235  233  231  229  228  228  229  229  230  230  230  230
  233  238  229  233  224  228  240  227  233  234  234  234  231  229  227  227  231  232  232  231  231  231  231
  236  236  235  235  235  235  235  236  236  236  236  236  236  235  234  234  235  235  235  235  235  235  235
  236  236  236  236  236  236  236  236  236  236  236  236  236  236  236  236  236  236  236  236  236  236  236

  Columns 24 through 46

  175  175  175  175  175  175  175  175  175  175  175  175  175  175  175  175  175  175  175  175  175  175  175
  175  175  175  175  175  175  175  175  175  175  175  175  175  175  175  175  175  173  173  173  173  173  173
  170  170  170  170  170  170  170  170  170  170  170  170  170  170  170  170  170  170  170  170  170  170  170
  171  171  171  171  171  171  171  171  171  171  171  171  171  171  171  171  171  171  171  171  171  171  171
  171  171  171  171  171  171  171  171  171  171  171  171  171  171  171  171  171  170  170  170  170  170  170
  132  132  132  132  132  132  132  132  132  132  132  132  132  132  132  132  132  136  136  136  136  136  136
  133  133  133  133  133  133  133  133  133  133  133  133  133  133  133  133  133  140  140  140  140  140  140
   85   84   85   84   85   84   85   84   85   84   85   84   85   84   85   84   85   84   85   84   85   84   85
  184  176  177  176  177  176  177  176  177  176  177  176  177  176  177  176  177  176  177  176  177  176  177
  246  248  249  248  249  248  249  248  249  248  249  248  249  248  249  248  249  248  249  248  249  248  249
  238  234  235  234  235  234  235  234  235  234  235  234  235  234  235  234  235  234  235  234  235  234  235
  238  238  239  238  239  238  239  238  239  238  239  238  239  238  239  238  239  238  239  238  239  238  239
  225  224  225  224  225  224  225  224  225  224  225  224  225  224  225  224  225  224  225  224  225  224  225
  228  223  223  223  223  223  223  223  223  223  223  223  223  223  223  223  223  223  223  223  223  223  223
  219  224  224  224  224  224  224  224  224  224  224  224  224  224  224  224  224  224  224  224  224  224  224
  224  221  221  221  221  221  221  221  221  221  221  221  221  221  221  221  221  221  221  221  221  221  221
  217  215  215  215  215  215  215  215  215  217  217  217  217  217  217  217  217  217  217  217  217  217  217
  214  213  214  213  214  213  214  213  214  213  215  213  215  213  215  213  215  213  215  213  215  213  215
  210  211  211  211  211  211  211  211  211  210  211  210  211  210  211  210  211  210  211  210  211  210  211
  207  207  208  207  208  207  208  207  208  207  208  207  208  207  208  207  208  207  208  207  208  207  208
  205  206  207  206  207  206  207  206  207  205  206  205  206  205  206  205  206  205  206  205  206  205  206
  204  204  204  204  204  204  204  204  204  205  205  205  205  205  205  205  205  205  205  205  205  205  205
  203  202  202  202  202  202  202  202  203  204  204  204  204  204  204  204  204  204  204  204  204  204  204
  203  202  202  202  202  202  202  202  203  204  204  204  204  204  204  204  204  204  204  204  204  204  204
  202  201  201  201  201  201  201  201  201  201  202  202  202  202  202  202  202  202  202  202  202  202  202
  203  203  203  203  203  203  203  203  203  204  204  204  204  204  204  204  204  204  204  204  204  204  204
  204  204  204  204  204  204  204  204  204  204  204  204  204  204  204  204  204  204  204  204  204  204  204
  204  202  203  202  203  202  203  202  203  202  203  202  203  202  203  202  203  202  203  202  203  202  203
  207  204  205  204  205  204  205  204  204  204  204  203  204  203  204  203  204  203  204  203  204  203  204
  208  207  207  207  207  207  207  207  207  206  207  205  207  205  207  205  207  205  207  205  207  205  207
  205  206  206  206  206  206  206  206  206  205  206  205  206  205  206  205  206  205  206  205  206  205  206
  200  203  203  203  203  203  203  203  203  202  203  202  203  202  203  202  203  202  203  202  203  202  203
  208  207  208  207  208  207  208  207  208  207  208  207  208  207  208  207  208  208  209  208  209  208  209
  212  212  212  212  212  212  212  212  212  212  212  212  212  212  212  212  212  212  212  212  212  212  212
  217  217  217  217  217  217  217  217  217  217  217  217  217  217  217  217  217  217  217  217  217  217  217
  223  223  223  223  223  223  223  223  223  223  223  223  223  223  223  223  223  222  222  222  222  222  222
  228  228  228  228  228  228  228  228  228  228  228  228  228  228  228  228  228  227  227  227  227  227  227
  233  233  233  233  233  233  233  233  233  233  233  233  233  233  233  233  233  232  232  232  232  232  232
  236  236  236  236  236  236  236  236  236  236  236  236  236  236  236  236  236  237  237  237  237  237  237
  238  238  238  238  238  238  238  238  238  238  238  238  238  238  238  238  238  239  239  239  239  239  239
  237  238  238  237  237  237  237  237  237  240  239  239  239  239  239  238  238  240  240  240  240  240  239
  233  236  236  236  236  236  236  236  237  235  235  235  235  235  236  236  236  235  235  235  235  235  236
  234  228  228  229  229  230  231  231  231  230  230  230  231  232  232  233  233  231  232  232  233  234  234
  170  172  173  173  174  175  176  177  177  180  180  181  182  183  184  185  185  185  186  187  188  189  190
  171  173  173  174  175  176  177  177  178  180  180  181  182  183  184  185  185  185  186  187  188  189  190
  236  229  231  230  232  231  233  233  234  230  231  231  232  232  234  233  234  232  233  233  234  234  235
  230  233  233  233  234  234  234  234  234  231  231  231  231  231  231  231  231  231  231  231  231  231  231
  231  231  231  231  231  230  230  230  230  231  231  231  230  230  230  230  230  232  232  231  231  231  231
  235  235  235  235  235  235  235  235  235  235  235  235  235  235  235  235  235  235  235  235  235  235  235
  236  236  236  236  236  236  236  236  236  236  236  236  236  236  236  236  236  236  236  236  236  236  236

  Columns 47 through 69

  175  175  176  176  176  176  176  176  176  176  175  175  175  175  175  175  175  175  175  175  175  175  175
  173  173  174  174  174  174  174  174  174  174  175  175  175  175  175  175  175  174  172  172  172  172  172
  170  170  169  169  169  169  169  169  169  169  171  171  171  171  171  171  171  171  170  170  170  170  170
  171  171  170  170  170  170  170  170  170  170  169  169  169  169  169  169  169  169  172  172  171  172  172
  170  170  171  171  171  171  171  171  171  171  171  171  171  171  171  171  171  171  171  172  171  172  172
  136  136  141  141  141  141  141  141  141  141  144  144  144  144  144  144  144  144  145  145  145  146  146
  140  140  143  143  143  143  143  143  143  143  146  146  146  146  146  146  146  146  148  148  148  149  149
   84   85   83   84   83   84   83   84   83   84   84   85   84   85   84   85   84   85   80   81   81   83   83
  176  177  176  177  176  177  176  177  176  177  174  175  174  175  174  175  174  175  176  177  176  177  176
  248  249  248  249  248  249  248  249  248  249  250  251  250  251  250  251  250  251  249  249  249  249  249
  234  235  234  235  234  235  234  235  234  235  234  235  234  235  234  235  234  235  235  236  235  236  235
  238  239  238  239  238  239  238  239  238  239  236  237  236  237  236  237  236  237  239  239  239  239  239
  224  225  224  225  224  225  224  225  224  225  226  227  226  227  226  227  226  227  225  226  225  226  225
  223  223  223  223  223  223  223  223  223  223  224  224  224  224  224  224  224  225  224  225  224  225  224
  224  224  224  224  224  224  224  224  224  224  221  221  221  221  221  221  221  221  225  226  225  226  225
  221  221  221  221  221  221  221  221  221  221  222  222  222  222  222  222  222  222  221  222  222  222  222
  217  216  216  216  216  216  216  216  216  216  216  216  216  216  216  216  216  216  217  218  218  218  218
  213  214  213  214  213  214  213  214  213  214  213  214  213  214  213  214  213  214  214  215  214  215  214
  210  210  209  210  209  210  209  210  209  210  209  210  209  210  209  210  209  210  210  211  210  211  210
  207  207  206  207  206  207  206  207  206  207  206  207  206  207  206  207  206  207  206  207  206  207  206
  205  206  205  205  205  205  205  205  205  205  205  205  205  205  205  205  205  205  204  205  204  205  204
  205  205  205  205  205  205  205  205  205  205  205  205  205  205  205  205  205  205  203  203  203  203  203
  204  204  204  204  204  204  204  204  204  204  204  204  204  204  204  204  204  204  202  202  202  202  202
  204  204  204  204  204  204  204  204  204  204  204  204  204  204  204  204  204  204  202  202  202  202  202
  202  202  201  201  201  201  201  201  201  201  203  203  203  203  203  203  203  202  200  200  200  200  200
  204  204  204  204  204  204  204  204  204  204  204  204  204  204  204  204  204  204  203  203  203  203  203
  204  204  205  205  205  205  205  205  205  205  204  204  204  204  204  204  204  204  204  204  204  204  204
  202  203  203  204  204  204  204  204  204  204  206  206  206  206  206  206  206  206  202  203  202  203  202
  203  204  205  205  205  205  205  205  205  205  206  206  206  206  206  206  206  206  204  204  204  204  204
  205  207  206  207  206  207  206  207  206  207  205  206  205  206  205  206  205  206  205  206  205  206  205
  205  206  204  205  204  205  204  205  204  205  202  203  202  203  202  203  202  203  202  203  202  203  202
  202  203  201  202  201  202  201  202  201  202  201  202  201  202  201  202  201  202  199  200  199  200  199
  208  209  208  209  208  209  208  209  208  209  206  207  206  207  206  207  206  207  206  207  206  207  206
  212  212  212  212  212  212  212  212  212  212  211  211  211  211  211  211  211  211  211  211  211  211  211
  217  217  217  217  217  217  217  217  217  217  216  216  216  216  216  216  216  216  216  216  216  216  216
  222  222  222  222  222  222  222  222  222  222  222  222  222  222  222  222  222  222  222  222  222  222  222
  227  227  227  227  227  227  227  227  227  227  227  227  227  227  227  227  227  227  227  227  227  227  227
  232  232  232  232  232  232  232  232  232  232  232  232  232  232  232  232  232  232  232  232  232  232  232
  237  237  237  237  237  237  237  237  237  237  235  235  235  235  235  235  235  235  235  235  235  235  235
  239  239  239  239  239  239  239  239  239  239  237  237  237  237  237  237  237  237  237  237  237  237  237
  239  239  239  239  239  239  238  238  238  238  239  239  239  239  239  238  238  238  237  237  237  237  236
  236  236  233  233  234  234  234  234  234  234  236  236  236  237  237  237  237  237  234  234  234  234  234
  235  235  233  233  234  234  235  235  236  236  229  230  230  231  231  232  233  233  230  230  231  231  232
  190  191  191  191  192  193  194  195  196  196  199  200  200  201  202  203  204  205  205  205  206  207  208
  190  191  191  191  192  193  194  195  196  196  199  200  200  201  202  203  204  204  205  205  206  207  208
  235  236  233  234  234  235  235  237  236  237  230  231  230  232  232  233  233  234  232  233  232  234  234
  231  231  229  229  229  229  230  230  230  230  232  232  232  232  232  233  233  233  231  231  231  232  232
  231  230  230  230  230  230  230  229  229  229  231  230  230  230  230  230  230  229  230  230  230  230  230
  235  235  235  235  235  235  235  235  235  235  235  235  235  235  235  235  235  235  235  235  235  235  235
  236  236  236  236  236  236  236  236  236  236  236  236  236  236  236  236  236  236  236  236  236  236  236

  Columns 70 through 92

  174  174  174  176  176  176  176  176  176  176  177  178  178  176  175  172  173  173  176  178  175  176  179
  172  172  172  173  173  173  173  173  173  173  174  177  178  175  173  172  172  173  175  180  176  174  177
  170  170  170  169  169  169  169  169  169  169  171  174  174  172  171  169  169  171  172  176  172  170  172
  173  172  173  170  171  170  171  170  171  170  172  174  175  173  171  169  170  171  173  175  177  179  180
  173  173  174  173  174  173  174  173  174  173  174  178  179  177  176  173  175  175  177  164  172  179  176
  148  147  149  151  152  151  152  151  152  151  152  158  158  156  155  153  154  155  156  167  174  175  167
  151  151  152  152  153  152  153  152  153  152  153  157  156  154  153  151  152  153  155  155  155  150  145
   85   84   86   81   82   81   82   81   82   81   81   80   80   78   76   75   75   77   79   88   86   83   90
  177  176  177  177  179  179  182  184  187  188  189  193  195  197  197  194  188  183  181  146  122   71   87
  249  249  249  243  243  244  245  246  247  248  247  242  242  241  241  239  238  236  236  230  206  138   91
  236  235  236  239  240  238  239  238  238  237  238  244  243  240  239  238  240  243  247  253  252  199  102
  239  239  239  238  238  238  237  237  236  236  236  234  234  231  228  229  230  235  239  233  245  224  108
  226  225  226  223  224  223  224  223  225  224  225  232  232  230  229  229  229  231  233  237  240  230  107
  225  224  225  225  226  226  228  227  229  228  230  224  224  223  222  222  221  221  222  235  231  230  119
  226  225  226  217  219  218  219  218  220  219  220  225  225  223  222  221  221  222  225  223  222  228  130
  222  222  222  223  223  223  223  222  222  222  222  222  220  218  216  214  216  221  223  231  229  227  126
  218  218  218  217  217  217  217  217  217  217  218  217  217  214  212  211  211  214  218  224  219  228  132
  215  214  215  213  214  213  214  213  214  213  214  216  216  212  210  208  209  212  216  221  218  225  136
  211  210  211  209  210  209  210  209  210  209  210  213  212  209  207  205  206  209  213  217  217  220  140
  207  206  207  206  207  206  207  206  207  206  207  211  210  207  205  203  204  207  211  216  217  212  146
  205  204  205  204  205  204  205  204  205  204  205  208  208  205  203  201  203  205  209  215  218  203  150
  203  203  203  204  204  204  204  204  204  204  205  207  207  204  202  201  202  204  208  214  215  190  152
  202  202  202  203  203  203  203  203  203  203  204  205  205  202  200  199  200  202  206  211  210  176  153
  202  202  202  203  203  203  203  203  203  203  204  204  204  201  200  198  199  202  206  208  206  170  153
  200  200  200  201  201  201  201  201  201  201  202  209  208  204  201  199  200  203  208  209  185  171  159
  203  203  203  202  202  202  202  202  202  202  204  205  206  205  205  204  203  205  207  196  178  171  162
  204  204  204  203  203  203  203  203  203  203  204  204  206  206  207  204  201  198  198  187  175  178  170
  203  202  203  204  205  204  205  204  205  204  206  208  209  207  204  199  193  190  188  192  183  189  180
  204  204  204  205  205  205  205  205  205  205  207  208  207  203  197  192  190  189  189  198  192  196  184
  206  205  206  204  205  204  205  204  205  204  206  204  204  198  194  192  192  195  200  200  193  198  186
  203  202  203  201  202  201  202  201  202  201  203  203  203  198  196  196  198  201  206  204  198  202  191
  200  199  200  200  201  200  201  200  201  200  201  205  204  202  201  200  200  203  205  209  202  206  195
  207  206  207  206  207  206  207  206  207  206  206  206  206  205  206  205  207  209  210  209  209  198  193
  211  211  211  211  211  211  211  211  211  211  210  209  209  209  209  210  211  212  213  211  211  200  194
  216  216  216  216  216  216  216  216  216  216  216  215  214  214  215  216  217  218  219  217  217  207  200
  222  222  222  222  222  222  222  222  222  222  222  221  221  221  221  222  223  224  224  222  224  213  207
  227  227  227  227  227  227  227  227  227  227  227  227  226  227  227  227  228  229  230  227  228  219  212
  232  232  232  232  232  232  232  232  232  232  232  232  232  231  231  232  233  233  234  231  233  226  216
  235  235  235  235  235  235  235  235  235  235  235  236  236  235  235  235  236  236  237  234  237  230  221
  237  237  237  237  237  237  237  237  237  237  237  238  238  237  237  236  237  238  238  234  239  232  223
  236  236  236  236  236  236  236  236  236  236  236  238  238  237  237  236  236  238  238  236  232  233  231
  234  235  235  233  233  233  233  233  233  233  234  236  236  234  233  233  233  234  235  233  230  229  226
  233  233  234  233  233  233  233  233  233  233  234  235  235  235  233  233  233  233  234  233  231  230  227
  209  209  210  212  212  212  212  212  212  212  213  215  215  213  212  210  210  211  212  214  213  212  211
  209  210  210  212  212  212  212  212  212  212  213  215  215  213  212  210  210  211  212  215  215  215  215
  235  235  236  234  235  234  235  234  235  234  236  238  238  236  233  231  231  232  234  235  237  236  235
  232  232  232  231  231  231  231  231  231  231  232  235  235  232  230  228  228  229  231  232  233  235  233
  229  229  229  230  230  230  230  230  230  230  231  233  233  231  229  228  228  228  230  230  233  235  235
  235  235  235  235  235  235  235  235  235  235  235  236  236  235  235  234  234  234  235  236  236  236  236
  236  236  236  236  236  236  236  236  236  236  236  236  236  236  236  236  236  236  236  236  236  236  236

  Columns 93 through 100

  173  165  160  165  169  171  171  171
  176  171  165  168  169  171  171  171
  170  165  160  161  170  173  173  173
  176  172  169  171  171  174  174  174
  170  167  168  173  174  176  176  176
  158  158  162  166  176  177  177  177
  150  165  178  181  180  179  179  179
  118  154  179  186  181  179  179  179
  115  186  165  192  184  182  182  182
  101  178  174  194  184  182  182  182
  103  175  178  183  185  184  184  184
  112  173  179  181  186  185  185  185
  111  164  175  194  188  187  187  187
  120  169  172  200  189  188  188  188
  130  185  172  199  192  190  190  190
  124  192  174  201  192  190  190  190
  135  180  180  192  194  193  193  193
  137  180  180  195  193  193  193  193
  138  181  183  199  195  195  195  195
  141  181  183  200  196  196  196  196
  144  184  182  197  198  198  198  198
  147  187  185  196  199  199  199  199
  150  192  189  197  201  201  201  201
  153  196  193  198  201  201  201  201
  169  190  191  198  204  204  204  204
  172  192  193  202  204  204  204  204
  178  195  195  205  206  206  206  206
  181  195  195  208  207  207  207  207
  182  194  196  211  209  209  209  209
  183  196  197  213  210  210  210  210
  188  200  199  212  212  212  212  212
  193  202  199  208  212  212  212  212
  195  195  198  214  214  214  214  214
  197  196  199  216  214  214  214  214
  201  199  202  219  216  216  216  216
  206  201  204  220  217  217  217  217
  208  203  204  220  219  219  219  219
  211  204  206  222  221  220  220  220
  215  206  208  224  223  222  222  222
  216  208  210  227  223  222  222  222
  216  205  212  231  226  225  225  225
  212  201  208  225  226  225  225  225
  216  208  216  230  228  227  227  227
  204  201  209  221  228  228  228  228
  210  210  215  223  230  230  230  230
  231  230  232  234  230  231  231  231
  232  231  229  228  232  233  233  233
  235  237  235  232  232  233  233  233
  236  236  235  235  236  236  236  236
  236  236  236  236  236  236  236  236


rectdc(:,:,3) =

  Columns 1 through 23

  173  175  175  173  171  173  175  174  175  175  176  176  178  178  180  176  167  164  164  164  164  164  164
  181  180  179  178  179  178  176  173  175  175  177  177  178  178  180  177  173  169  169  169  169  169  169
  174  172  170  172  173  171  169  167  171  171  173  173  175  175  175  177  177  178  178  178  178  178  178
  180  178  179  180  178  174  173  175  170  170  170  170  171  171  171  175  180  182  182  182  182  182  182
  180  181  182  180  168  158  157  162  161  161  161  161  163  163  163  167  172  176  176  176  176  176  176
  178  175  176  173  155  131  120  120  111  111  111  111  111  113  113  115  120  122  122  122  122  122  122
  189  183  183  181  163  130  101   91  100   98   98   98   98  100  100  100  100   98   98   98   98   98   98
  183  174  174  177  162  123   84   63   43   41   39   39   41   43   43   41   39   36   38   36   38   36   38
  184  187  179  177  163  112  101   48   39   52   62  103  134  128  135  138  136  132  134  132  134  132  134
  185  187  180  178  164  112  100   48   61  145  193  202  196  196  210  205  204  202  202  202  202  202  202
  187  190  183  180  165  112  101   49  100  185  221  206  195  205  218  204  213  215  215  215  215  215  215
  189  191  184  182  166  111  102   53  166  203  204  201  206  211  219  212  222  224  226  224  226  224  226
  193  192  187  185  170  111  103   60  158  186  192  202  206  197  206  214  213  215  217  215  217  215  217
  194  193  188  188  171  113  106   66  166  198  201  203  206  204  215  211  213  213  213  213  213  213  213
  198  196  189  189  172  113  107   69  170  192  183  183  192  197  204  192  192  191  191  191  191  191  191
  193  193  191  194  177  115  106   67  149  175  182  198  203  188  193  197  188  186  186  186  186  186  186
  187  191  202  198  182  122   98   72  138  160  173  174  183  183  175  175  176  176  176  176  176  176  176
  182  188  202  203  187  124   97   70  132  152  168  170  175  175  167  167  171  172  172  172  172  172  172
  183  189  203  204  188  124   98   73  127  149  164  164  168  168  160  161  164  166  166  166  166  166  166
  185  190  204  206  189  124   99   75  122  143  159  157  163  163  155  158  158  160  162  160  162  160  162
  187  190  205  209  191  122   99   78  111  135  151  153  158  156  149  151  153  155  157  155  157  155  157
  188  191  206  211  192  122  100   81   98  123  144  146  152  150  142  145  150  151  151  151  151  151  151
  192  193  207  213  193  120   99   84   81  111  134  138  144  141  134  139  143  147  147  147  147  147  147
  192  193  207  211  192  120   98   84   71  101  126  132  138  136  127  132  137  141  141  141  141  141  141
  198  200  209  212  195  117   94   92   78   85  104  122  131  129  118  116  130  134  133  133  133  133  133
  199  200  212  212  196  117   94   91   74   78   94  110  120  123  118  118  120  124  126  124  127  125  128
  200  200  213  214  197  117   94   92   78   76   85   95  105  110  108  112  116  119  121  119  121  119  121
  202  203  214  216  198  115   93   94   86   81   85   89   94   96   96  100  115  119  118  117  116  115  114
  205  204  215  219  197  114   95   99   89   83   86   88   90   89   85   87  104  107  108  108  108  108  109
  207  204  216  221  199  112   94  101   89   84   88   91   92   89   85   84   92   95   96   99  101  103  105
  208  205  217  224  200  112   95  103   90   87   91   96   96   92   86   84   87   91   93   94   96   98   99
  212  207  217  221  198  110   97  108   97   92   93   95   96   93   87   86   93   95   94   94   93   93   93
  217  219  217  212  193  110  100  120  106   99   96   96   97   97   99   99  101  101  101  101  101  101  101
  222  222  219  210  191  109  103  125  113  102   97   95   97   99  102  104  102  102  102  102  102  102  102
  224  224  219  213  193  108  104  127  115  104   99   95   97  101  104  104  103  103  103  103  103  103  103
  226  224  220  215  193  108  105  131  119  108  101   98   99  101  105  107  105  103  103  103  103  103  103
  225  223  220  217  194  107  105  135  121  111  103  100  102  103  107  107  105  105  105  105  105  105  105
  226  223  219  219  195  109  106  141  127  116  109  104  106  106  109  111  109  107  107  107  107  107  107
  228  223  221  221  198  110  109  147  133  122  115  110  111  111  115  115  113  113  113  113  113  113  113
  228  223  221  223  200  113  115  154  140  131  123  119  119  121  124  124  123  121  121  121  121  121  121
  226  219  223  218  216  111  120  167  152  142  136  132  132  132  135  135  135  132  132  132  132  132  131
  231  226  228  218  211  110  123  171  160  152  146  144  146  146  149  149  144  143  143  143  143  143  143
  222  223  234  228  218  129  138  177  172  165  160  159  162  164  168  166  162  160  161  162  162  163  163
  225  227  233  226  205  122  113  124  116  111  107  108  110  115  117  118  118  116  117  118  119  120  121
  226  228  229  230  217  160  148  141  133  128  127  128  131  135  141  142  140  139  140  141  142  143  143
  226  228  226  238  243  227  231  222  218  215  214  214  218  225  228  228  225  222  224  223  226  224  227
  233  234  227  236  234  233  244  229  228  227  225  227  230  237  240  240  236  233  235  234  236  234  236
  228  233  230  237  231  236  247  230  233  231  231  231  234  237  241  241  242  240  240  239  239  239  239
  234  234  236  236  238  238  238  236  236  236  236  236  236  238  240  240  238  238  238  238  238  238  238
  236  236  236  236  236  236  236  236  236  236  236  236  236  236  236  236  236  236  236  236  236  236  236

  Columns 24 through 46

  164  164  164  164  164  164  164  164  164  164  164  164  164  164  164  164  164  164  164  164  164  164  164
  169  169  169  169  169  169  169  169  169  169  169  169  169  169  169  169  169  167  167  167  167  167  167
  178  178  178  178  178  178  178  178  178  178  178  178  178  178  178  178  178  178  178  178  178  178  178
  182  182  182  182  182  182  182  182  182  182  182  182  182  182  182  182  182  182  182  182  182  182  182
  176  176  176  176  176  176  176  176  176  176  176  176  176  176  176  176  176  175  175  175  175  175  175
  122  122  122  122  122  122  122  122  122  122  122  122  122  122  122  122  122  126  126  126  126  126  126
   98   98   98   98   98   98   98   98   98   98   98   98   98   98   98   98   98  105  105  105  105  105  105
   36   38   36   38   36   38   36   38   36   38   36   38   36   38   36   38   36   38   36   38   36   38   36
  132  127  125  127  125  127  125  127  125  127  125  127  125  127  125  127  125  127  125  127  125  127  125
  202  205  205  205  205  205  205  205  205  205  205  205  205  205  205  205  205  205  205  205  205  205  205
  215  212  212  212  212  212  212  212  212  212  212  212  212  212  212  212  212  212  212  212  212  212  212
  224  227  225  227  225  227  225  227  225  227  225  227  225  227  225  227  225  227  225  227  225  227  225
  215  217  215  217  215  217  215  217  215  217  215  217  215  217  215  217  215  217  215  217  215  217  215
  213  208  208  208  208  208  208  208  208  208  208  208  208  208  208  208  208  208  208  208  208  208  208
  191  196  196  196  196  196  196  196  196  196  196  196  196  196  196  196  196  196  196  196  196  196  196
  186  183  183  183  183  183  183  183  183  183  183  183  183  183  183  183  183  183  183  183  183  183  183
  176  174  174  174  174  174  174  174  174  176  176  176  176  176  176  176  176  176  176  176  176  176  176
  172  172  172  172  172  172  172  172  172  172  171  172  171  172  171  172  171  172  171  172  171  172  171
  166  167  167  167  167  167  167  167  167  166  164  166  164  166  164  166  164  166  164  166  164  166  164
  160  163  161  163  161  163  161  163  161  160  158  158  158  158  158  158  158  158  158  158  158  158  158
  155  159  157  159  157  159  157  159  157  153  153  153  153  153  153  153  153  153  153  153  153  153  153
  151  151  151  151  151  151  151  151  151  150  148  148  148  148  148  148  148  148  148  148  148  148  148
  147  146  146  146  146  146  146  146  144  143  141  141  141  141  141  141  141  141  141  141  141  141  141
  141  140  140  140  140  140  140  140  138  137  136  136  136  136  136  136  136  136  136  136  136  136  136
  133  132  132  132  132  132  132  132  132  130  128  128  128  128  128  128  128  128  128  128  128  128  128
  126  128  126  128  126  128  126  128  126  125  125  125  125  125  125  125  125  125  125  125  125  125  125
  119  121  119  121  119  121  119  121  119  119  119  119  119  119  119  119  119  119  119  119  119  119  119
  114  113  113  113  113  113  113  113  113  113  113  113  113  113  113  113  113  113  113  113  113  113  113
  109  107  107  107  107  107  107  107  109  109  111  111  111  111  111  111  111  111  111  111  111  111  111
  106  105  105  105  105  105  105  105  106  108  108  110  108  110  108  110  108  110  108  110  108  110  108
  100  101  101  101  101  101  101  101  101  104  104  106  104  106  104  106  104  106  104  106  104  106  104
   92   95   95   95   95   95   95   95   97   99   99  100   99  100   99  100   99  100   99  100   99  100   99
  101  101  101  101  101  101  101  101  101  101  101  103  101  103  101  103  101  104  102  104  102  104  102
  102  102  102  102  102  102  102  102  102  102  102  102  102  102  102  102  102  102  102  102  102  102  102
  103  103  103  103  103  103  103  103  103  103  103  103  103  103  103  103  103  103  103  103  103  103  103
  103  103  103  103  103  103  103  103  103  103  103  103  103  103  103  103  103  102  102  102  102  102  102
  105  105  105  105  105  105  105  105  105  105  105  105  105  105  105  105  105  104  104  104  104  104  104
  107  107  107  107  107  107  107  107  107  107  107  107  107  107  107  107  107  106  106  106  106  106  106
  113  113  113  113  113  113  113  113  113  113  113  113  113  113  113  113  113  114  114  114  114  114  114
  121  121  121  121  121  121  121  121  121  121  121  121  121  121  121  121  121  122  122  122  122  122  122
  131  132  132  131  131  131  131  131  131  134  133  133  133  133  133  132  132  134  134  134  134  134  133
  144  147  147  147  147  147  147  147  148  146  146  146  146  146  147  147  147  146  146  146  146  146  147
  164  158  158  159  159  160  161  161  161  160  160  160  161  162  162  163  163  161  162  162  163  164  164
  121  123  124  124  125  126  127  128  128  131  131  132  133  134  135  136  136  136  137  138  139  140  141
  144  146  146  147  148  149  150  150  151  153  153  154  155  156  157  158  158  158  159  160  161  162  163
  225  221  220  222  221  223  222  225  223  222  220  223  221  224  223  225  223  224  222  225  223  226  224
  234  239  237  239  238  240  238  240  238  237  235  237  235  237  235  237  235  237  235  237  235  237  235
  239  239  239  239  239  238  238  238  238  239  239  239  238  238  238  238  238  240  240  239  239  239  239
  238  238  238  238  238  238  238  238  238  238  238  238  238  238  238  238  238  238  238  238  238  238  238
  236  236  236  236  236  236  236  236  236  236  236  236  236  236  236  236  236  236  236  236  236  236  236

  Columns 47 through 69

  164  164  165  165  165  165  165  165  165  165  164  164  164  164  164  164  164  164  165  165  165  165  165
  167  167  168  168  168  168  168  168  168  168  169  169  169  169  169  169  169  169  167  167  167  167  167
  178  178  177  177  177  177  177  177  177  177  179  179  179  179  179  179  179  179  179  179  179  179  179
  182  182  181  181  181  181  181  181  181  181  180  180  180  180  180  180  180  180  183  183  183  183  184
  175  175  176  176  176  176  176  176  176  176  176  176  176  176  176  176  176  176  176  177  177  177  178
  126  126  131  131  131  131  131  131  131  131  134  134  134  134  134  134  134  134  135  135  136  136  137
  105  105  108  108  108  108  108  108  108  108  111  111  111  111  111  111  111  111  113  113  114  114  115
   38   36   37   35   37   35   37   35   37   35   38   36   38   36   38   36   38   36   34   32   35   34   37
  127  125  127  125  127  125  127  125  127  125  125  123  125  123  125  123  125  123  127  125  127  125  127
  205  205  205  205  205  205  205  205  205  205  207  207  207  207  207  207  207  207  205  205  205  205  205
  212  212  212  212  212  212  212  212  212  212  212  212  212  212  212  212  212  212  212  212  212  212  212
  227  225  227  225  227  225  227  225  227  225  225  223  225  223  225  223  225  223  227  225  227  225  227
  217  215  217  215  217  215  217  215  217  215  219  217  219  217  219  217  219  217  217  215  217  215  217
  208  208  208  208  208  208  208  208  208  208  209  209  209  209  209  209  209  209  208  208  208  208  208
  196  196  196  196  196  196  196  196  196  196  193  193  193  193  193  193  193  193  196  196  196  196  196
  183  183  183  183  183  183  183  183  183  183  184  184  184  184  184  184  184  184  183  181  181  181  181
  176  178  178  180  180  180  180  180  180  180  180  180  180  180  180  180  180  178  176  175  175  175  175
  172  172  174  174  176  174  176  174  176  174  176  174  176  174  176  174  176  174  171  169  169  169  169
  166  166  167  167  169  167  169  167  169  167  169  167  169  167  169  167  169  167  166  164  164  164  164
  158  160  162  162  162  162  162  162  162  162  162  162  162  162  162  162  162  162  159  157  159  157  159
  153  153  155  155  155  155  155  155  155  155  155  155  155  155  155  155  155  155  154  152  154  152  154
  148  148  150  150  150  150  150  150  150  150  150  150  150  150  150  150  150  150  148  148  148  148  148
  141  141  143  143  143  143  143  143  143  143  143  143  143  143  143  143  143  143  143  143  143  143  143
  136  136  137  137  137  137  137  137  137  137  137  137  137  137  137  137  137  137  137  137  137  137  137
  128  128  127  127  127  127  127  127  127  127  129  129  129  129  129  129  129  131  131  131  131  131  131
  125  125  125  125  125  125  125  125  125  125  125  125  125  125  125  125  125  125  126  128  128  128  128
  119  119  118  118  118  118  118  118  118  118  117  117  117  117  117  117  117  119  121  121  121  121  121
  113  113  114  112  112  112  112  112  112  112  114  114  114  114  114  114  114  116  113  114  114  114  114
  111  109  110  110  110  110  110  110  110  110  111  111  111  111  111  111  111  111  109  109  109  109  109
  110  108  108  106  108  106  108  106  108  106  107  105  107  105  107  105  107  105  105  105  105  105  105
  106  104  103  102  103  102  103  102  103  102  101  100  101  100  101  100  101  100  100  100  100  100  100
  100   99   98   98   98   98   98   98   98   98   98   98   98   98   98   98   98   98   94   94   94   94   94
  104  102  102  102  102  102  102  102  102  102  100  100  100  100  100  100  100  100  100  100  100  100  100
  102  102  102  102  102  102  102  102  102  102  101  101  101  101  101  101  101  101  101  101  101  101  101
  103  103  103  103  103  103  103  103  103  103  102  102  102  102  102  102  102  102  102  102  102  102  102
  102  102  102  102  102  102  102  102  102  102  102  102  102  102  102  102  102  102  102  102  102  102  102
  104  104  104  104  104  104  104  104  104  104  104  104  104  104  104  104  104  104  104  104  104  104  104
  106  106  106  106  106  106  106  106  106  106  106  106  106  106  106  106  106  106  106  106  106  106  106
  114  114  114  114  114  114  114  114  114  114  112  112  112  112  112  112  112  112  112  112  112  112  112
  122  122  122  122  122  122  122  122  122  122  120  120  120  120  120  120  120  120  120  120  120  120  120
  133  133  133  133  133  133  132  132  132  132  133  133  133  133  133  132  132  132  131  131  131  131  130
  147  147  144  144  145  145  145  145  145  145  147  147  147  148  148  148  148  148  145  145  145  145  145
  165  165  163  163  164  164  165  165  166  166  159  160  160  161  161  162  163  163  160  160  161  161  162
  141  142  142  142  143  144  145  146  147  147  150  151  151  152  153  154  155  156  156  156  157  158  159
  163  164  164  164  165  166  167  168  169  169  172  173  173  174  175  176  177  177  178  178  179  180  181
  227  225  225  223  226  224  227  226  228  226  222  220  222  221  224  222  225  223  224  222  224  223  226
  237  235  235  233  235  233  236  234  236  234  238  236  238  236  238  237  239  237  237  235  237  236  238
  239  238  238  238  238  238  238  237  237  237  239  238  238  238  238  238  238  237  238  238  238  238  238
  238  238  238  238  238  238  238  238  238  238  238  238  238  238  238  238  238  238  238  238  238  238  238
  236  236  236  236  236  236  236  236  236  236  236  236  236  236  236  236  236  236  236  236  236  236  236

  Columns 70 through 92

  164  164  164  166  166  166  166  166  166  166  168  168  172  176  177  181  179  179  176  175  169  170  176
  167  167  167  168  168  168  168  168  168  168  168  169  171  175  178  180  180  178  175  176  169  167  174
  179  179  179  178  178  178  178  178  178  178  175  169  169  173  175  177  177  175  173  171  165  163  167
  184  184  184  182  182  182  182  182  182  182  179  169  167  170  172  176  174  172  170  167  166  168  172
  178  179  179  179  179  179  179  179  179  179  175  167  165  169  171  174  172  171  167  149  154  160  162
  138  138  139  142  142  142  142  142  142  142  138  137  137  140  142  146  144  142  139  144  147  148  143
  116  117  117  118  118  118  118  118  118  118  118  124  125  129  131  134  132  131  127  119  116  111  109
   36   38   37   35   33   35   33   35   33   35   36   40   44   47   49   51   51   47   44   47   39   36   46
  125  127  125  128  127  130  130  135  135  139  142  150  157  164  167  167  161  150  143  102   73   22   40
  205  205  205  199  199  200  201  202  203  204  206  203  206  210  213  214  210  205  200  186  157   88   44
  212  212  212  216  216  215  215  215  214  214  212  215  212  214  216  218  217  217  215  216  207  153   57
  225  227  225  226  224  226  223  225  222  224  219  210  208  210  211  212  213  211  210  196  203  181   66
  215  217  215  215  213  215  213  215  214  216  212  211  209  213  215  215  215  210  205  202  200  188   68
  208  208  208  209  209  210  211  211  212  212  212  201  202  207  208  208  205  201  195  201  191  189   78
  196  196  196  188  189  189  189  189  190  190  190  199  201  204  206  206  203  201  195  185  178  182   86
  181  181  181  182  182  182  182  181  181  181  183  187  189  193  194  195  196  193  190  186  179  176   79
  175  175  175  174  174  174  174  174  174  174  174  173  174  180  183  185  185  180  174  169  159  168   77
  169  169  169  168  168  168  168  168  168  168  166  164  166  171  175  180  179  173  166  162  153  160   79
  164  164  164  163  163  163  163  163  163  163  161  159  160  166  169  175  173  167  160  155  149  152   81
  157  159  157  159  157  159  157  159  157  159  155  154  156  161  164  168  166  163  156  148  147  142   86
  152  154  152  154  152  154  152  154  152  154  151  148  148  153  159  160  159  155  148  145  142  129   88
  148  148  148  149  149  149  149  149  149  149  147  141  141  147  150  154  152  147  141  138  135  113   87
  143  143  143  144  144  144  144  144  144  144  140  134  134  139  143  146  145  139  134  130  126   95   83
  137  137  137  138  138  138  138  138  138  138  135  127  127  133  134  138  136  131  126  119  116   83   80
  131  131  131  132  132  132  132  132  132  132  128  126  123  127  130  131  129  126  122  114   87   81   83
  128  128  128  127  127  127  127  127  127  127  124  116  116  123  126  127  124  119  113   93   74   76   82
  121  121  121  120  120  120  120  120  120  120  118  110  110  118  122  122  116  107   98   79   67   77   87
  114  114  114  116  116  116  116  116  116  116  113  106  107  114  114  111  103   91   84   78   72   85   94
  109  109  109  110  110  110  110  110  110  110  108  102  101  104  102  100   94   85   79   82   76   90   95
  105  105  105  104  104  104  104  104  104  104  103   95   94   95   95   96   93   88   84   81   74   89   95
  100  100  100   99   99   99   99   99   99   99   97   91   90   92   94   94   94   91   87   82   76   91  100
   94   94   94   95   95   95   95   95   95   95   93   93   92   96   97   98   96   92   89   90   86  101  107
  100  100  100  100  100  100  100  100  100  100  100   98   98  100  102  103  102  100   98   97  101  102  115
  101  101  101  101  101  101  101  101  101  101  101  101  101  103  103  103  103  101  101  100  106  108  119
  102  102  102  102  102  102  102  102  102  102  102  102  103  103  103  103  102  100  100   99  107  109  123
  102  102  102  102  102  102  102  102  102  102  102  104  104  104  104  102  100   98   98   97  107  112  123
  104  104  104  104  104  104  104  104  104  104  104  106  106  104  102  101   99   95   95   95  107  114  125
  106  106  106  106  106  106  106  106  106  106  106  108  108  108  105  103   99   98   96   96  108  118  129
  112  112  112  112  112  112  112  112  112  112  112  114  112  112  110  107  103  100  100  100  113  123  134
  120  120  120  120  120  120  120  120  120  120  120  122  122  120  118  114  111  107  107  106  120  129  142
  130  130  130  130  130  130  130  130  130  130  130  133  133  131  129  127  124  120  120  118  124  140  155
  145  146  146  144  144  144  144  144  144  144  144  145  145  145  143  141  139  136  136  134  136  147  160
  163  163  164  163  163  163  163  163  163  163  163  164  164  164  164  164  162  160  159  155  157  164  175
  160  160  161  163  163  163  163  163  163  163  163  162  162  164  164  166  166  164  162  159  160  164  170
  182  183  183  185  185  185  185  185  185  185  184  183  183  185  188  190  192  190  188  186  183  185  187
  224  227  225  226  224  226  224  226  224  226  222  220  220  225  228  232  234  234  230  226  222  219  218
  236  238  236  237  235  237  235  237  235  237  233  230  230  236  241  245  246  246  243  237  232  228  225
  237  237  237  238  238  238  238  238  238  238  237  234  234  239  243  246  248  248  245  239  238  234  232
  238  238  238  238  238  238  238  238  238  238  238  236  236  238  240  240  241  241  240  238  238  236  236
  236  236  236  236  236  236  236  236  236  236  236  236  236  236  236  236  236  236  236  236  236  236  236

  Columns 93 through 100

  182  179  185  186  176  171  171  171
  184  185  190  188  176  171  171  171
  177  178  183  181  177  173  173  173
  177  182  187  188  178  174  174  174
  163  168  178  184  178  176  176  176
  142  149  161  170  177  177  177  177
  122  145  167  176  179  179  179  179
   82  127  160  174  177  179  179  179
   76  153  141  175  180  182  182  182
   62  145  149  178  178  182  182  182
   66  144  155  168  180  184  184  184
   77  144  158  167  181  185  185  185
   79  138  158  183  183  187  187  187
   86  141  152  188  184  188  188  188
   95  155  151  184  186  190  190  190
   85  161  154  191  188  190  190  190
   94  153  167  188  193  193  193  193
   94  154  171  194  193  193  193  193
   95  155  174  198  195  195  195  195
   97  155  174  199  196  196  196  196
   99  155  174  197  198  198  198  198
   99  158  174  196  199  199  199  199
  100  162  178  195  201  201  201  201
  100  163  179  196  201  201  201  201
  114  157  177  196  204  204  204  204
  114  157  179  200  204  204  204  204
  117  157  179  203  206  206  206  206
  118  157  179  203  207  207  207  207
  118  153  180  206  209  209  209  209
  117  155  181  208  210  210  210  210
  122  159  183  207  212  212  212  212
  131  162  182  204  210  212  212  212
  138  157  179  207  212  214  214  214
  143  159  180  207  210  214  214  214
  144  161  182  211  214  216  216  216
  147  164  185  214  215  217  217  217
  149  165  188  215  217  219  219  219
  151  168  191  218  220  220  220  220
  157  172  195  222  222  222  222  222
  161  176  196  224  222  222  222  222
  166  175  201  230  225  225  225  225
  168  174  199  225  225  225  225  225
  180  188  208  231  227  227  227  227
  178  186  205  223  228  228  228  228
  193  199  215  226  230  230  230  230
  220  225  233  238  231  231  231  231
  225  227  231  230  233  233  233  233
  233  235  237  234  233  233  233  233
  236  236  236  236  236  236  236  236
  236  236  236  236  236  236  236  236

